     0     0 29432.1798    0  553          - 29432.1798      -     -   56s
     0     0 29449.6576    0  565          - 29449.6576      -     -   59s
H    0     0                    53563.137563 29449.6702  45.0%     -   59s
     0     0 29449.6702    0  610 53563.1376 29449.6702  45.0%     -   59s
     0     0 29451.2908    0  706 53563.1376 29451.2908  45.0%     -   60s
H    0     0                    53533.570699 29451.2908  45.0%     -   63s
     0     0 29451.2908    0  630 53533.5707 29451.2908  45.0%     -   63s
     0     0 29455.3857    0  632 53533.5707 29455.3857  45.0%     -   64s
     0     0 29455.3857    0  567 53533.5707 29455.3857  45.0%     -   81s
     0     2 29455.3857    0  506 53533.5707 29455.3857  45.0%     -   97s
     1     4 29547.1969    1  526 53533.5707 29455.3857  45.0%  5271  103s
     3     8 30052.2078    2  585 53533.5707 29547.1969  44.8%  4772  116s
     7    12 31294.0822    3  661 53533.5707 30052.3242  43.9%  3711  128s
    11    16 30836.1021    3  533 53533.5707 30106.1235  43.8%  3772  140s
    15    20 31337.1344    4  517 53533.5707 30152.9663  43.7%  4450  145s
    19    24 32261.1584    4  478 53533.5707 30152.9663  43.7%  3878  152s
    23    28 31364.2362    5  552 53533.5707 30156.6645  43.7%  3660  157s
H   27    32                    53530.113594 30156.6645  43.7%  3347  165s
H   29    32                    53409.885417 30470.6421  42.9%  3301  165s
    31    37 31486.6739    7  546 53409.8854 30470.6421  42.9%  3175  171s
    36    41 32622.1353    7  462 53409.8854 30470.6421  42.9%  3093  177s
    40    48 31497.7011    8  603 53409.8854 30470.6421  42.9%  3117  182s
    47    55 32782.4670    9  523 53409.8854 30470.6421  42.9%  2961  187s
    54    61 32415.6534   10  463 53409.8854 30470.6421  42.9%  2855  194s
    60    69 31668.7423   10  573 53409.8854 30470.6421  42.9%  2748  199s
    68    75 31705.3718   11  667 53409.8854 30470.6421  42.9%  2599  206s
    74    80 32988.1448   12  604 53409.8854 30470.6421  42.9%  2675  214s
    79    88 31889.2374   12  555 53409.8854 30470.6421  42.9%  2700  222s
H   87    93                    53325.085739 30470.6421  42.9%  2633  227s
H   88    93                    53300.240091 30470.6421  42.8%  2607  227s
    92   104 32833.8059   15  498 53300.2401 30470.6421  42.8%  2619  234s
   103   113 34402.8685   16  420 53300.2401 30470.6421  42.8%  2500  247s
   113   125 34407.8093   17  389 53300.2401 30470.6421  42.8%  2410  258s
H  117   125                    53287.358442 30470.6421  42.8%  2342  258s
   126   135 34486.5130   22  458 53287.3584 30470.6421  42.8%  2277  265s
   136   150 34524.3748   24  419 53287.3584 30470.6421  42.8%  2235  272s
   151   171 36895.1726   29  420 53287.3584 30470.6421  42.8%  2162  280s
H  172   175                    53281.503443 30470.6421  42.8%  1997  286s
H  172   175                    53238.728387 30470.6421  42.8%  1997  286s
H  175   175                    53188.684758 30470.6421  42.7%  1972  286s
   176   196 38039.4200   30  304 53188.6848 30470.6421  42.7%  1975  294s
   197   214 37953.7419   35  300 53188.6848 30470.6421  42.7%  1868  312s
H  203   214                    53171.021266 30470.6421  42.7%  1818  312s
   215   235 36433.4931   41  417 53171.0213 30470.6421  42.7%  1843  320s
   236   274 36601.3615   44  316 53171.0213 30470.6421  42.7%  1766  327s
   276   300 36637.0953   56  335 53171.0213 30470.6421  42.7%  1582  336s
   303   326 36683.7445   63  405 53171.0213 30470.6421  42.7%  1517  342s
   329   376 37667.3700   66  329 53171.0213 30470.6421  42.7%  1436  349s
   380   445 37793.6730   82  336 53171.0213 30470.6421  42.7%  1283  356s
   450   511 37816.3748  102  328 53171.0213 30470.6421  42.7%  1114  364s
H  463   511                    53165.069600 30470.6421  42.7%  1087  364s
   516   591 37867.6760  115  301 53165.0696 30470.6421  42.7%   996  371s
   598   644 37953.2987  127  294 53165.0696 30470.6421  42.7%   886  376s
   654   763 39727.0156  129  234 53165.0696 30470.6421  42.7%   834  382s
   773   846 39792.0533  150  277 53165.0696 30470.6421  42.7%   720  388s
   856   978 39844.7598  173  292 53165.0696 30470.6421  42.7%   666  394s
   989  1030 39898.8516  206  243 53165.0696 30470.6421  42.7%   588  400s
  1041  1114 40068.3771  216  276 53165.0696 30470.6421  42.7%   571  406s
  1125  1176 40188.3909  243  255 53165.0696 30470.6421  42.7%   542  412s
  1187  1293 40328.5234  269  252 53165.0696 30470.6421  42.7%   525  418s
  1306  1360 40416.2444  293  213 53165.0696 30470.6421  42.7%   489  423s
H 1336  1360                    53165.069551 30470.6421  42.7%   482  424s
  1373  1440 40594.3691  297  254 53165.0696 30470.6421  42.7%   474  431s
H 1453  1478                    53165.069514 30470.6421  42.7%   462  438s
  1491  1550 41145.7008  336  242 53165.0695 30470.6421  42.7%   462  446s
H 1559  1550                    53165.069508 30470.6421  42.7%   455  446s
  1567  1635 41704.3683  351  277 53165.0695 30470.6421  42.7%   454  454s
  1653  1725 41832.6127  381  213 53165.0695 30470.6421  42.7%   445  463s
  1746  1869 44166.8848  400  253 53165.0695 30470.6421  42.7%   437  471s
H 1892  1873                    53165.069394 30470.6421  42.7%   415  480s
H 1893  1873                    53158.341297 30470.6421  42.7%   415  480s
  1896  1996 44188.0590  422  158 53158.3413 30470.6421  42.7%   416  489s
H 2021  2115                    53158.341229 30470.6421  42.7%   405  498s
H 2030  2115                    53156.465824 30471.3202  42.7%   404  498s
  2145  2233 32842.0318    6  594 53156.4658 30471.3202  42.7%   398  509s
  2277  2312 34077.0613    7  523 53156.4658 30471.3202  42.7%   391  521s
  2356  2492 34989.5433   10  487 53156.4658 30471.3202  42.7%   390  532s
  2537  2607 36521.9673   11  431 53156.4658 30471.3202  42.7%   374  542s
  2655  2753 37416.3583   11  303 53156.4658 30471.3202  42.7%   371  554s
  2821  2782 36862.9166   12  441 53156.4658 30471.3202  42.7%   365  566s
  2860  2801 37648.1094   13  384 53156.4658 30471.3202  42.7%   373  579s
  2882  2802 41039.3900  457  567 53156.4658 30471.3202  42.7%   382  588s
  2884  2803 42932.3820  263  254 53156.4658 30471.3202  42.7%   382  592s
  2885  2804 41824.0596  379  402 53156.4658 30471.3202  42.7%   382  597s
H 2885  2663                    53153.360754 30471.3202  42.7%   382  604s
  2887  2664 40098.6314  224  412 53153.3608 30471.3202  42.7%   382  609s
  2888  2665 45868.1402  531  408 53153.3608 30471.3202  42.7%   382  611s
H 2889  2533                    53137.552288 30471.3202  42.7%   382  618s
  2891  2534 45318.0557  591  578 53137.5523 30471.3202  42.7%   381  622s
  2893  2535 41085.8146  396  668 53137.5523 30471.3202  42.7%   381  626s
  2895  2537 33845.6849    8  649 53137.5523 30471.3202  42.7%   381  635s
  2897  2538 40507.8806  343  689 53137.5523 30471.3202  42.7%   381  641s
H 2898  2412                    53094.819954 42779.6197  19.4%   380  659s
  2900  2413 42821.5444  214  416 53094.8200 42821.5444  19.3%   380  661s
  2903  2415 45435.3729  261  389 53094.8200 45435.3729  14.4%   380  670s
H 2905  2294                    53033.082656 48946.7267  7.71%   379  688s
  2907  2296 48946.8742  471  338 53033.0827 48946.8742  7.71%   379  691s
H 2907  2181                    53024.449724 49563.5906  6.53%   379  697s
  2910  2183 49563.5906  287  380 53024.4497 49563.5906  6.53%   379  700s
H 2910  2074                    52993.247020 49563.5906  6.47%   379  702s
  2912  2075 49563.5906  427  390 52993.2470 49563.5906  6.47%   379  705s
  2917  2079 49563.5906  179  254 52993.2470 49563.5906  6.47%   418  711s
  2918  2080 49563.5906  167  340 52993.2470 49563.5906  6.47%   418  721s
  2919  2081 49563.5906  292  225 52993.2470 49563.5906  6.47%   417  727s
H 2919  1976                    52991.013163 49563.5906  6.47%   417  728s
  2920  1976 49563.5906   97  283 52991.0132 49563.5906  6.47%   417  730s
H 2921  1878                    52990.612855 49563.5906  6.47%   417  736s
  2923  1879 49563.5906  199  398 52990.6129 49563.5906  6.47%   417  741s
H 2924  1786                    52988.810894 49563.5906  6.46%   417  746s
  2925  1787 49563.5906  415  386 52988.8109 49563.5906  6.46%   417  767s
  2927  1788 51880.8056  702  386 52988.8109 49569.7070  6.45%   416  786s
H 2927  1701                    52988.810262 49569.7070  6.45%   432  797s
  2928  1703 49579.6865   21  343 52988.8103 49569.7070  6.45%   433  841s
  2930  1706 49602.4754   22  321 52988.8103 49579.7822  6.43%   433  915s
  2934  1709 49605.6040   23  293 52988.8103 49580.1727  6.43%   434  963s
  2938  1711 49662.7197   23  328 52988.8103 49594.1231  6.41%   435  980s
  2942  1714 49640.9608   24  297 52988.8103 49599.7018  6.40%   438  992s
  2946  1717 49611.4530   24  305 52988.8103 49599.7018  6.40%   439 1006s
  2950  1720 49615.2605   25  341 52988.8103 49609.5909  6.38%   441 1019s
  2955  1723 49666.4756   25  297 52988.8103 49614.1229  6.37%   441 1031s
H 2956  1636                    52988.666071 49614.1229  6.37%   441 1031s
  2959  1642 49619.9368   26  339 52988.6661 49614.1229  6.37%   443 1041s
  2966  1645 49690.0163   26  258 52988.6661 49614.1229  6.37%   444 1046s
  2985  1642 49699.6164   28  226 52988.6661 49614.1229  6.37%   446 1055s
H 2988  1561                    52927.180407 49614.1229  6.26%   446 1055s
  2994  1567 49620.7524   29  231 52927.1804 49614.1229  6.26%   447 1060s
  3008  1566 49620.7524   30  231 52927.1804 49614.1229  6.26%   447 1065s
H 3022  1487                    52927.180317 49614.1229  6.26%   448 1071s
H 3022  1414                    52926.668794 49614.1229  6.26%   448 1071s
  3027  1420 49674.2397   32  289 52926.6688 49614.1229  6.26%   450 1079s
  3034  1423 infeasible   33      52926.6688 49614.1229  6.26%   452 1089s
  3048  1425 49628.1430   35  290 52926.6688 49614.1229  6.26%   453 1103s
H 3051  1354                    52913.321209 49614.1229  6.24%   453 1103s
H 3058  1291                    52913.320725 49614.1229  6.24%   455 1111s
  3068  1296 49635.8708   39  347 52913.3207 49614.1229  6.24%   458 1120s
H 3080  1232                    52901.054679 49614.1229  6.21%   459 1127s
  3086  1236 50954.2612   40  171 52901.0547 49614.1229  6.21%   461 1135s
  3098  1246 49691.3132   42  277 52901.0547 49614.1229  6.21%   463 1143s
H 3108  1183                    52901.053285 49614.1229  6.21%   463 1143s
  3116  1193 49680.0762   44  229 52901.0533 49614.1229  6.21%   463 1153s
  3131  1204 49705.8484   44  241 52901.0533 49614.1229  6.21%   464 1161s
  3153  1217 49681.5913   46  280 52901.0533 49614.1229  6.21%   465 1169s
  3181  1231 49681.6037   47  243 52901.0533 49614.1229  6.21%   467 1179s
  3209  1252 49681.9581   49  213 52901.0533 49614.1229  6.21%   468 1188s
  3242  1260 49682.0824   51  226 52901.0533 49614.1229  6.21%   469 1197s
  3270  1273 49683.9807   53  252 52901.0533 49614.1229  6.21%   471 1205s
  3299  1272 49881.5933   54  270 52901.0533 49614.1229  6.21%   473 1211s
H 3300  1214                    52900.115151 49614.1229  6.21%   473 1211s
  3310  1239 49869.5832   55  291 52900.1152 49614.1229  6.21%   473 1220s
H 3349  1184                    52900.106920 49614.1229  6.21%   473 1227s
  3380  1196 50008.7089   59  251 52900.1069 49614.1229  6.21%   473 1237s
  3426  1191 50549.7394   62  169 52900.1069 49614.1229  6.21%   475 1246s
H 3456  1130                    52900.106882 49614.1229  6.21%   476 1246s
  3465  1136 52833.7305   64  124 52900.1069 49614.1229  6.21%   476 1257s
  3502  1145 52846.7244   68  128 52900.1069 49614.1229  6.21%   479 1266s
H 3543  1084                    52900.106301 49614.1229  6.21%   480 1266s
  3547  1097 50826.0049   74  180 52900.1063 49614.1229  6.21%   480 1277s
  3585  1101 50828.1004   80  191 52900.1063 49614.1229  6.21%   483 1289s
  3623  1110 50829.5875   85  243 52900.1063 49614.1229  6.21%   486 1304s
  3675  1113 50830.7162   92  256 52900.1063 49614.1229  6.21%   488 1317s
H 3724  1050                    52900.105886 49614.1229  6.21%   489 1317s
  3727  1079 50831.8246   99  247 52900.1059 49614.1229  6.21%   491 1332s
H 3793  1017                    52900.105825 49614.1229  6.21%   493 1344s
H 3794   976                    52900.103390 49614.1229  6.21%   493 1344s
  3797  1002 50833.8153  106  259 52900.1034 49614.1229  6.21%   493 1359s
H 3854   984                    52900.103353 49614.1229  6.21%   496 1370s
H 3888   936                    52900.103307 49614.1229  6.21%   498 1370s
  3948   942 50839.7423  120  223 52900.1033 49614.1229  6.21%   495 1388s
  4015   971 52862.2847  127  139 52900.1033 49614.1229  6.21%   497 1402s
  4071   992 52869.4291  134  147 52900.1033 49618.9845  6.20%   497 1419s
  4140  1028 50002.7918   25  222 52900.1033 49618.9845  6.20%   498 1433s
  4202  1122 50075.2884   39  194 52900.1033 49618.9845  6.20%   496 1449s
  4320  1088 50091.6668   52  238 52900.1033 49618.9845  6.20%   487 1466s
H 4326  1050                    52900.101613 49618.9845  6.20%   488 1466s
  4379  1069 51872.9162   58  210 52900.1016 49618.9845  6.20%   489 1486s
  4434  1115 52880.5284   66  205 52900.1016 49619.0164  6.20%   490 1502s
  4513  1179 49938.8306   35  210 52900.1016 49619.0164  6.20%   489 1523s
  4641  1225 52861.0492   64  169 52900.1016 49619.3331  6.20%   482 1543s
  4802  1213 52864.0612   43  112 52900.1016 49631.1357  6.18%   475 1564s
  4928  1230 49866.7568   32  298 52900.1016 49641.3005  6.16%   473 1584s
  5021  1267 infeasible   26      52900.1016 49641.3005  6.16%   472 1608s
  5105  1308 50861.2036   37  192 52900.1016 49641.3005  6.16%   474 1628s
H 5126  1308                    52900.099935 49641.3005  6.16%   474 1628s
  5183  1335 52861.1713   34  146 52900.0999 49644.7463  6.15%   474 1650s
  5314  1412 50871.1172   39  228 52900.0999 49647.1638  6.15%   473 1676s
H 5331  1388                    52897.265662 49647.1638  6.14%   473 1676s
  5413  1429 52142.5769   56  139 52897.2657 49662.5619  6.12%   473 1706s
H 5532  1538                    52897.264689 49666.4756  6.11%   476 1734s
H 5642  1538                    52897.264628 49666.4756  6.11%   473 1734s
  5663  1631 51281.1015   94  206 52897.2646 49666.4756  6.11%   474 1765s
  5831  1693 51423.6094  128  208 52897.2646 49674.2397  6.09%   472 1796s
H 5918  1693                    52897.264280 49676.6553  6.09%   471 1796s
  5944  1696 50870.5752   36  226 52897.2643 49676.6553  6.09%   471 1800s

Cutting planes:
  Gomory: 140
  Implied bound: 97
  Projected implied bound: 15
  Clique: 47
  MIR: 31
  Flow cover: 119
  Inf proof: 1
  Zero half: 3
  RLT: 40
  Relax-and-lift: 21

Explored 5963 nodes (2881348 simplex iterations) in 1800.05 seconds (1629.14 work units)
Thread count was 8 (of 8 available processors)

Solution count 10: 52897.3 52900.1 52900.1 ... 52990.6

Time limit reached
Best objective 5.289726427955e+04, best bound 4.967665534177e+04, gap 6.0884%

--------------------------------------------------------------------


No feasible solution found

READY


Route matrix:
               0       1       2       3       4       5       6       7       8       9      10      11      12      13      14      15      16      17      18      19      20      21      22      23      24      25      26      27      28      29      30      31      32      33      34      35      36      37      38      39      40      41      42      43      44      45      46      47      48      49      50      51      52      53
       0     0.0     1.0     1.0     0.0     0.0     0.0     0.0     1.0     0.0     0.0     0.0     1.0     0.0     0.0     0.0     0.0     0.0     2.0     0.0     0.0     0.0     0.0     0.0     1.0     0.0     0.0     0.0     0.0     0.0     0.0    -0.0     0.0     1.0     0.0     0.0     0.0     1.0     0.0     1.0     0.0     0.0     0.0     0.0     1.0     0.0     0.0     0.0     0.0     1.0     0.0     0.0     0.0     1.0     0.0    13.0
       1     0.0     0.0     0.0     0.0     1.0     0.0     0.0     0.0     0.0     0.0     0.0     0.0     0.0     0.0     0.0     0.0     0.0     0.0     0.0     0.0     0.0     0.0     0.0     0.0     0.0     0.0     0.0     0.0     0.0     0.0     0.0     0.0     0.0     0.0     0.0     0.0     0.0     0.0     0.0     0.0     0.0     0.0     0.0     0.0     0.0     0.0     0.0     0.0     0.0     0.0     0.0     0.0     0.0     0.0     1.0
       2     0.0     0.0     0.0     0.0     0.0     0.0     0.0     0.0     0.0     0.0     0.0     0.0     0.0     0.0     0.0     0.0     0.0     0.0     0.0     0.0     0.0     0.0     0.0     0.0     0.0     0.0     0.0     0.0     0.0     0.0     1.0     0.0     0.0     0.0     0.0     0.0     0.0     0.0     0.0     0.0     0.0     0.0     0.0     0.0     0.0     0.0     0.0     0.0     0.0     0.0     0.0     0.0     0.0     0.0     1.0
       3     1.0     0.0     0.0     0.0     0.0     0.0     0.0     0.0     0.0     0.0     0.0     0.0     0.0     0.0     0.0     0.0     0.0     0.0     0.0     0.0     0.0     0.0     0.0     0.0     0.0     0.0     0.0     0.0     0.0     0.0     0.0     0.0     0.0     0.0     0.0     0.0     0.0     0.0     0.0     0.0     0.0     0.0     0.0     0.0     0.0     0.0     0.0     0.0     0.0     0.0     0.0     0.0     0.0     0.0     1.0
       4     0.0     0.0     0.0     0.0     0.0     0.0     1.0     0.0     0.0     0.0     0.0     0.0     0.0     0.0     0.0     0.0     0.0     0.0     0.0     0.0     0.0     0.0     0.0     0.0     0.0     0.0     0.0     0.0     0.0     0.0     0.0     0.0     0.0     0.0     0.0     0.0     0.0     0.0     0.0     0.0     0.0     0.0     0.0     0.0     0.0     0.0     0.0     0.0     0.0     0.0     0.0     0.0     0.0     0.0     1.0
       5     0.0     0.0     0.0     1.0     0.0     0.0     0.0     0.0     0.0     0.0     0.0     0.0     0.0     0.0     0.0     0.0     0.0     0.0     0.0     0.0     0.0     0.0     0.0     0.0     0.0     0.0     0.0     0.0     0.0     0.0     0.0     0.0     0.0     0.0     0.0     0.0     0.0     0.0     0.0     0.0     0.0     0.0     0.0     0.0     0.0     0.0     0.0     0.0     0.0     0.0     0.0     0.0     0.0     0.0     1.0
       6     0.0     0.0     0.0     0.0     0.0     1.0     0.0     0.0     0.0     0.0     0.0     0.0     0.0     0.0     0.0     0.0     0.0     0.0     0.0     0.0     0.0     0.0     0.0     0.0     0.0     0.0     0.0     0.0     0.0     0.0     0.0     0.0     0.0     0.0     0.0     0.0     0.0     0.0     0.0     0.0     0.0     0.0     0.0     0.0     0.0     0.0     0.0     0.0     0.0     0.0     0.0     0.0     0.0     0.0     1.0
       7     0.0     0.0     0.0     0.0     0.0     0.0     0.0     0.0     0.0     1.0     0.0     0.0     0.0     0.0     0.0     0.0     0.0     0.0     0.0     0.0     0.0     0.0     0.0     0.0     0.0     0.0     0.0     0.0     0.0     0.0     0.0     0.0     0.0     0.0     0.0     0.0     0.0     0.0     0.0     0.0     0.0     0.0     0.0     0.0     0.0     0.0     0.0     0.0     0.0     0.0     0.0     0.0     0.0     0.0     1.0
       8     1.0     0.0     0.0     0.0     0.0     0.0     0.0     0.0     0.0     0.0     0.0     0.0     0.0     0.0     0.0     0.0     0.0     0.0     0.0     0.0     0.0     0.0     0.0     0.0     0.0     0.0     0.0     0.0     0.0     0.0     0.0     0.0     0.0     0.0     0.0     0.0     0.0     0.0     0.0     0.0     0.0     0.0     0.0     0.0     0.0     0.0     0.0     0.0     0.0     0.0     0.0     0.0     0.0     0.0     1.0
       9     0.0     0.0     0.0     0.0     0.0     0.0     0.0     0.0     0.0     0.0     1.0     0.0     0.0     0.0     0.0     0.0     0.0     0.0     0.0     0.0     0.0     0.0     0.0     0.0     0.0     0.0     0.0     0.0     0.0     0.0     0.0     0.0     0.0     0.0     0.0     0.0     0.0     0.0     0.0     0.0     0.0     0.0     0.0     0.0     0.0     0.0     0.0     0.0     0.0     0.0     0.0     0.0     0.0     0.0     1.0
      10     0.0     0.0     0.0     0.0     0.0     0.0     0.0     0.0     1.0     0.0     0.0     0.0     0.0     0.0     0.0     0.0     0.0     0.0     0.0     0.0     0.0     0.0     0.0     0.0     0.0     0.0     0.0     0.0     0.0     0.0     0.0     0.0     0.0     0.0     0.0     0.0     0.0     0.0     0.0     0.0     0.0     0.0     0.0     0.0     0.0     0.0     0.0     0.0     0.0     0.0     0.0     0.0     0.0     0.0     1.0
      11     0.0     0.0     0.0     0.0     0.0     0.0     0.0     0.0     0.0     0.0     0.0     0.0     0.0     1.0     0.0     0.0     0.0     0.0     0.0     0.0     0.0     0.0     0.0     0.0     0.0     0.0     0.0     0.0     0.0     0.0     0.0     0.0     0.0     0.0     0.0     0.0     0.0     0.0     0.0     0.0     0.0     0.0     0.0     0.0     0.0     0.0     0.0     0.0     0.0     0.0     0.0     0.0     0.0     0.0     1.0
      12     1.0     0.0     0.0     0.0     0.0     0.0     0.0     0.0     0.0     0.0     0.0     0.0     0.0     0.0     0.0     0.0     0.0     0.0     0.0     0.0     0.0     0.0     0.0     0.0     0.0     0.0     0.0     0.0     0.0     0.0     0.0     0.0     0.0     0.0     0.0     0.0     0.0     0.0     0.0     0.0     0.0     0.0     0.0     0.0     0.0     0.0     0.0     0.0     0.0     0.0     0.0     0.0     0.0     0.0     1.0
      13     0.0     0.0     0.0     0.0     0.0     0.0     0.0     0.0     0.0     0.0     0.0     0.0     0.0     0.0     0.0     1.0     0.0     0.0     0.0     0.0     0.0     0.0     0.0     0.0     0.0     0.0     0.0     0.0     0.0     0.0     0.0     0.0     0.0     0.0     0.0     0.0     0.0     0.0     0.0     0.0     0.0     0.0     0.0     0.0     0.0     0.0     0.0     0.0     0.0     0.0     0.0     0.0     0.0     0.0     1.0
      14     0.0     0.0     0.0     0.0     0.0     0.0     0.0     0.0     0.0     0.0     0.0     0.0     1.0     0.0     0.0     0.0     0.0     0.0     0.0     0.0     0.0     0.0     0.0     0.0     0.0     0.0     0.0     0.0     0.0     0.0     0.0     0.0     0.0     0.0     0.0     0.0     0.0     0.0     0.0     0.0     0.0     0.0     0.0     0.0     0.0     0.0     0.0     0.0     0.0     0.0     0.0     0.0     0.0     0.0     1.0
      15     0.0     0.0     0.0     0.0     0.0     0.0     0.0     0.0     0.0     0.0     0.0     0.0     0.0     0.0     0.0     0.0     1.0     0.0     0.0     0.0     0.0     0.0     0.0     0.0     0.0     0.0     0.0     0.0     0.0     0.0     0.0     0.0     0.0     0.0     0.0     0.0     0.0     0.0     0.0     0.0     0.0     0.0     0.0     0.0     0.0     0.0     0.0     0.0     0.0     0.0     0.0     0.0     0.0     0.0     1.0
      16     0.0     0.0     0.0     0.0     0.0     0.0     0.0     0.0     0.0     0.0     0.0     0.0     0.0     0.0     1.0     0.0     0.0     0.0     0.0     0.0     0.0     0.0     0.0     0.0     0.0     0.0     0.0     0.0     0.0     0.0     0.0     0.0     0.0     0.0     0.0     0.0     0.0     0.0     0.0     0.0     0.0     0.0     0.0     0.0     0.0     0.0     0.0     0.0     0.0     0.0     0.0     0.0     0.0     0.0     1.0
      17     0.0     0.0     0.0     0.0     0.0     0.0     0.0     0.0     0.0     0.0     0.0     0.0     0.0     0.0     0.0     0.0     0.0     0.0     1.0     0.0     0.0     0.0     1.0     0.0     0.0     0.0     0.0     0.0     0.0     0.0     0.0     0.0     0.0     0.0     0.0     0.0     0.0     0.0     0.0     0.0     0.0     0.0     0.0     0.0     0.0     0.0     0.0     0.0     0.0     0.0     0.0     0.0     0.0     0.0     2.0
      18     0.0     0.0     0.0     0.0     0.0     0.0     0.0     0.0     0.0     0.0     0.0     0.0     0.0     0.0     0.0     0.0     0.0     0.0     0.0     1.0     0.0     0.0     0.0     0.0     0.0     0.0     0.0     0.0     0.0     0.0     0.0     0.0     0.0     0.0     0.0     0.0     0.0     0.0     0.0     0.0     0.0     0.0     0.0     0.0     0.0     0.0     0.0     0.0     0.0     0.0     0.0     0.0     0.0     0.0     1.0
      19     0.0     0.0     0.0     0.0     0.0     0.0     0.0     0.0     0.0     0.0     0.0     0.0     0.0     0.0     0.0     0.0     0.0     0.0     0.0     0.0     0.0     1.0     0.0     0.0     0.0     0.0     0.0     0.0     0.0     0.0     0.0     0.0     0.0     0.0     0.0     0.0     0.0     0.0     0.0     0.0     0.0     0.0     0.0     0.0     0.0     0.0     0.0     0.0     0.0     0.0     0.0     0.0     0.0     0.0     1.0
      20     1.0     0.0     0.0     0.0     0.0     0.0     0.0     0.0     0.0     0.0     0.0     0.0     0.0     0.0     0.0     0.0     0.0     0.0     0.0     0.0     0.0     0.0     0.0     0.0     0.0     0.0     0.0     0.0     0.0     0.0     0.0     0.0     0.0     0.0     0.0     0.0     0.0     0.0     0.0     0.0     0.0     0.0     0.0     0.0     0.0     0.0     0.0     0.0     0.0     0.0     0.0     0.0     0.0     0.0     1.0
      21     0.0     0.0     0.0     0.0     0.0     0.0     0.0     0.0     0.0     0.0     0.0     0.0     0.0     0.0     0.0     0.0     0.0     0.0     0.0     0.0     1.0     0.0     0.0     0.0     0.0     0.0     0.0     0.0     0.0     0.0     0.0     0.0     0.0     0.0     0.0     0.0     0.0     0.0     0.0     0.0     0.0     0.0     0.0     0.0     0.0     0.0     0.0     0.0     0.0     0.0     0.0     0.0     0.0     0.0     1.0
      22     0.0     0.0     0.0     0.0     0.0     0.0     0.0     0.0     0.0     0.0     0.0     0.0     0.0     0.0     0.0     0.0     0.0     0.0     0.0     0.0     0.0     0.0     0.0     0.0     1.0     0.0     0.0     0.0     0.0     0.0     0.0     0.0     0.0     0.0     0.0     0.0     0.0     0.0     0.0     0.0     0.0     0.0     0.0     0.0     0.0     0.0     0.0     0.0     0.0     0.0     0.0     0.0     0.0     0.0     1.0
      23     0.0     0.0     0.0     0.0     0.0     0.0     0.0     0.0     0.0     0.0     0.0     0.0     0.0     0.0     0.0     0.0     0.0     0.0     0.0     0.0     0.0     0.0     0.0     0.0     0.0     1.0     0.0     0.0     0.0     0.0     0.0     0.0     0.0     0.0     0.0     0.0     0.0     0.0     0.0     0.0     0.0     0.0     0.0     0.0     0.0     0.0     0.0     0.0     0.0     0.0     0.0     0.0     0.0     0.0     1.0
      24     1.0     0.0     0.0     0.0     0.0     0.0     0.0     0.0     0.0     0.0     0.0     0.0     0.0     0.0     0.0     0.0     0.0     0.0     0.0     0.0     0.0     0.0     0.0     0.0     0.0     0.0     0.0     0.0     0.0     0.0     0.0     0.0     0.0     0.0     0.0     0.0     0.0     0.0     0.0     0.0     0.0     0.0     0.0     0.0     0.0     0.0     0.0     0.0     0.0     0.0     0.0     0.0     0.0     0.0     1.0
      25     0.0     0.0     0.0     0.0     0.0     0.0     0.0     0.0     0.0     0.0     0.0     0.0     0.0     0.0     0.0     0.0     0.0     0.0     0.0     0.0     0.0     0.0     0.0     0.0     0.0     0.0     0.0     0.0     1.0     0.0     0.0     0.0     0.0     0.0     0.0     0.0     0.0     0.0     0.0     0.0     0.0     0.0     0.0     0.0     0.0     0.0     0.0     0.0     0.0     0.0     0.0     0.0     0.0     0.0     1.0
      26     1.0     0.0     0.0     0.0     0.0     0.0     0.0     0.0     0.0     0.0     0.0     0.0     0.0     0.0     0.0     0.0     0.0     0.0     0.0     0.0     0.0     0.0     0.0     0.0     0.0     0.0     0.0     0.0     0.0     0.0     0.0     0.0     0.0     0.0     0.0     0.0     0.0     0.0     0.0     0.0     0.0     0.0     0.0     0.0     0.0     0.0     0.0     0.0     0.0     0.0     0.0     0.0     0.0     0.0     1.0
      27     0.0     0.0     0.0     0.0     0.0     0.0     0.0     0.0     0.0     0.0     0.0     0.0     0.0     0.0     0.0     0.0     0.0     0.0     0.0     0.0     0.0     0.0     0.0     0.0     0.0     0.0     1.0     0.0     0.0     0.0     0.0     0.0     0.0     0.0     0.0     0.0     0.0     0.0     0.0     0.0     0.0     0.0     0.0     0.0     0.0     0.0     0.0     0.0     0.0     0.0     0.0     0.0     0.0     0.0     1.0
      28     0.0     0.0     0.0     0.0     0.0     0.0     0.0     0.0     0.0     0.0     0.0     0.0     0.0     0.0     0.0     0.0     0.0     0.0     0.0     0.0     0.0     0.0     0.0     0.0     0.0     0.0     0.0     1.0     0.0     0.0     0.0     0.0     0.0     0.0     0.0     0.0     0.0     0.0     0.0     0.0     0.0     0.0     0.0     0.0     0.0     0.0     0.0     0.0     0.0     0.0     0.0     0.0     0.0     0.0     1.0
      29     0.0     0.0     0.0     0.0     0.0     0.0     0.0     0.0     0.0     0.0     0.0     0.0     0.0     0.0     0.0     0.0     0.0     0.0     0.0     0.0     0.0     0.0     0.0     0.0     0.0     0.0     0.0     0.0     0.0     0.0     0.0     1.0     0.0     0.0     0.0     0.0     0.0     0.0     0.0     0.0     0.0     0.0     0.0     0.0     0.0     0.0     0.0     0.0     0.0     0.0     0.0     0.0     0.0     0.0     1.0
      30     1.0     0.0     0.0     0.0     0.0     0.0     0.0     0.0     0.0     0.0     0.0     0.0     0.0     0.0     0.0     0.0     0.0     0.0     0.0     0.0     0.0     0.0     0.0     0.0     0.0     0.0     0.0     0.0     0.0     0.0     0.0     1.0     0.0     0.0     0.0     0.0     0.0     0.0     0.0     0.0     0.0     0.0     0.0     0.0     0.0     0.0     0.0     0.0     0.0     0.0     0.0     0.0     0.0     0.0     2.0
      31     2.0     0.0     0.0     0.0     0.0     0.0     0.0     0.0     0.0     0.0     0.0     0.0     0.0     0.0     0.0     0.0     0.0     0.0     0.0     0.0     0.0     0.0     0.0     0.0     0.0     0.0     0.0     0.0     0.0     0.0     0.0     0.0     0.0     0.0     0.0     0.0     0.0     0.0     0.0     0.0     0.0     0.0     0.0     0.0     0.0     0.0     0.0     0.0     0.0     0.0     0.0     0.0     0.0     0.0     2.0
      32     0.0     0.0     0.0     0.0     0.0     0.0     0.0     0.0     0.0     0.0     0.0     0.0     0.0     0.0     0.0     0.0     0.0     0.0     0.0     0.0     0.0     0.0     0.0     0.0     0.0     0.0     0.0     0.0     0.0     1.0     0.0     0.0     0.0     0.0     0.0     0.0     0.0     0.0     0.0     0.0     0.0     0.0     0.0     0.0     0.0     0.0     0.0     0.0     0.0     0.0     0.0     0.0     0.0     0.0     1.0
      33     0.0     0.0     0.0     0.0     0.0     0.0     0.0     0.0     0.0     0.0     0.0     0.0     0.0     0.0     0.0     0.0     0.0     0.0     0.0     0.0     0.0     0.0     0.0     0.0     0.0     0.0     0.0     0.0     0.0     0.0     0.0     0.0     0.0     0.0     0.0     1.0     0.0     0.0     0.0     0.0     0.0     0.0     0.0     0.0     0.0     0.0     0.0     0.0     0.0     0.0     0.0     0.0     0.0     0.0     1.0
      34     0.0     0.0     0.0     0.0     0.0     0.0     0.0     0.0     0.0     0.0     0.0     0.0     0.0     0.0     0.0     0.0     0.0     0.0     0.0     0.0     0.0     0.0     0.0     0.0     0.0     0.0     0.0     0.0     0.0     0.0     0.0     0.0     0.0     1.0     0.0     0.0     0.0     0.0     0.0     0.0     0.0     0.0     0.0     0.0     0.0     0.0     0.0     0.0     0.0     0.0     0.0     0.0     0.0     0.0     1.0
      35     1.0     0.0     0.0     0.0     0.0     0.0     0.0     0.0     0.0     0.0     0.0     0.0     0.0     0.0     0.0     0.0     0.0     0.0     0.0     0.0     0.0     0.0     0.0     0.0     0.0     0.0     0.0     0.0     0.0     0.0     0.0     0.0     0.0     0.0     0.0     0.0     0.0     0.0     0.0     0.0     0.0     0.0     0.0     0.0     0.0     0.0     0.0     0.0     0.0     0.0     0.0     0.0     0.0     0.0     1.0
      36     0.0     0.0     0.0     0.0     0.0     0.0     0.0     0.0     0.0     0.0     0.0     0.0     0.0     0.0     0.0     0.0     0.0     0.0     0.0     0.0     0.0     0.0     0.0     0.0     0.0     0.0     0.0     0.0     0.0     0.0     1.0     0.0     0.0     0.0     1.0     0.0     0.0     0.0     0.0     0.0     0.0     0.0     0.0     0.0     0.0     0.0     0.0     0.0     0.0     0.0     0.0     0.0     0.0     0.0     2.0
      37     1.0     0.0     0.0     0.0     0.0     0.0     0.0     0.0     0.0     0.0     0.0     0.0     0.0     0.0     0.0     0.0     0.0     0.0     0.0     0.0     0.0     0.0     0.0     0.0     0.0     0.0     0.0     0.0     0.0     0.0     0.0     0.0     0.0     0.0     0.0     0.0     0.0     0.0     0.0     0.0     0.0     0.0     0.0     0.0     0.0     0.0     0.0     0.0     0.0     0.0     0.0     0.0     0.0     0.0     1.0
      38     0.0     0.0     0.0     0.0     0.0     0.0     0.0     0.0     0.0     0.0     0.0     0.0     0.0     0.0     0.0     0.0     0.0     0.0     0.0     0.0     0.0     0.0     0.0     0.0     0.0     0.0     0.0     0.0     0.0     0.0     0.0     0.0     0.0     0.0     0.0     0.0     1.0     0.0     0.0     0.0     0.0     0.0     0.0     0.0     0.0     0.0     0.0     0.0     0.0     0.0     0.0     0.0     0.0     0.0     1.0
      39     0.0     0.0     0.0     0.0     0.0     0.0     0.0     0.0     0.0     0.0     0.0     0.0     0.0     0.0     0.0     0.0     0.0     0.0     0.0     0.0     0.0     0.0     0.0     0.0     0.0     0.0     0.0     0.0     0.0     0.0     0.0     0.0     0.0     0.0     0.0     0.0     0.0     0.0     0.0     0.0     0.0     0.0     1.0     0.0     0.0     0.0     0.0     0.0     0.0     0.0     0.0     0.0     0.0     0.0     1.0
      40     0.0     0.0     0.0     0.0     0.0     0.0     0.0     0.0     0.0     0.0     0.0     0.0     0.0     0.0     0.0     0.0     0.0     0.0     0.0     0.0     0.0     0.0     0.0     0.0     0.0     0.0     0.0     0.0     0.0     0.0     0.0     0.0     0.0     0.0     0.0     0.0     0.0     0.0     0.0     1.0     0.0     0.0     0.0     0.0     0.0     0.0     0.0     0.0     0.0     0.0     0.0     0.0     0.0     0.0     1.0
      41     0.0     0.0     0.0     0.0     0.0     0.0     0.0     0.0     0.0     0.0     0.0     0.0     0.0     0.0     0.0     0.0     0.0     0.0     0.0     0.0     0.0     0.0     0.0     0.0     0.0     0.0     0.0     0.0     0.0     0.0     0.0     0.0     0.0     0.0     0.0     0.0     0.0     0.0     0.0     0.0     1.0     0.0     0.0     0.0     0.0     0.0     0.0     0.0     0.0     0.0     0.0     0.0     0.0     0.0     1.0
      42     0.0     0.0     0.0     0.0     0.0     0.0     0.0     0.0     0.0     0.0     0.0     0.0     0.0     0.0     0.0     0.0     0.0     0.0     0.0     0.0     0.0     0.0     0.0     0.0     0.0     0.0     0.0     0.0     0.0     0.0     0.0     0.0     0.0     0.0     0.0     0.0     0.0     1.0     0.0     0.0     0.0     0.0     0.0     0.0     0.0     0.0     0.0     0.0     0.0     0.0     0.0     0.0     0.0     0.0     1.0
      43     0.0     0.0     0.0     0.0     0.0     0.0     0.0     0.0     0.0     0.0     0.0     0.0     0.0     0.0     0.0     0.0     0.0     0.0     0.0     0.0     0.0     0.0     0.0     0.0     0.0     0.0     0.0     0.0     0.0     0.0     0.0     0.0     0.0     0.0     0.0     0.0     0.0     0.0     0.0     0.0     0.0     1.0     0.0     0.0     0.0     0.0     0.0     0.0     0.0     0.0     0.0     0.0     0.0     0.0     1.0
      44     0.0     0.0     0.0     0.0     0.0     0.0     0.0     0.0     0.0     0.0     0.0     0.0     0.0     0.0     0.0     0.0     0.0     0.0     0.0     0.0     0.0     0.0     0.0     0.0     0.0     0.0     0.0     0.0     0.0     0.0     0.0     0.0     0.0     0.0     0.0     0.0     0.0     0.0     0.0     0.0     0.0     0.0     0.0     0.0     0.0     1.0     0.0     0.0     0.0     0.0     0.0     0.0     0.0     0.0     1.0
      45     1.0     0.0     0.0     0.0     0.0     0.0     0.0     0.0     0.0     0.0     0.0     0.0     0.0     0.0     0.0     0.0     0.0     0.0     0.0     0.0     0.0     0.0     0.0     0.0     0.0     0.0     0.0     0.0     0.0     0.0     0.0     0.0     0.0     0.0     0.0     0.0     0.0     0.0     0.0     0.0     0.0     0.0     0.0     0.0     0.0     0.0     0.0     0.0     0.0     0.0     0.0     0.0     0.0     0.0     1.0
      46     0.0     0.0     0.0     0.0     0.0     0.0     0.0     0.0     0.0     0.0     0.0     0.0     0.0     0.0     0.0     0.0     0.0     0.0     0.0     0.0     0.0     0.0     0.0     0.0     0.0     0.0     0.0     0.0     0.0     0.0     0.0     0.0     0.0     0.0     0.0     0.0     0.0     0.0     0.0     0.0     0.0     0.0     0.0     0.0     1.0     0.0     0.0     0.0     0.0     0.0     0.0     0.0     0.0     0.0     1.0
      47     0.0     0.0     0.0     0.0     0.0     0.0     0.0     0.0     0.0     0.0     0.0     0.0     0.0     0.0     0.0     0.0     0.0     0.0     0.0     0.0     0.0     0.0     0.0     0.0     0.0     0.0     0.0     0.0     0.0     0.0     0.0     0.0     0.0     0.0     0.0     0.0     0.0     0.0     0.0     0.0     0.0     0.0     0.0     0.0     0.0     0.0     1.0     0.0     0.0     0.0     0.0     0.0     0.0     0.0     1.0
      48     0.0     0.0     0.0     0.0     0.0     0.0     0.0     0.0     0.0     0.0     0.0     0.0     0.0     0.0     0.0     0.0     0.0     0.0     0.0     0.0     0.0     0.0     0.0     0.0     0.0     0.0     0.0     0.0     0.0     0.0     0.0     0.0     0.0     0.0     0.0     0.0     0.0     0.0     0.0     0.0     0.0     0.0     0.0     0.0     0.0     0.0     0.0     1.0     0.0     0.0     0.0     0.0     0.0     0.0     1.0
      49     0.0     0.0     0.0     0.0     0.0     0.0     0.0     0.0     0.0     0.0     0.0     0.0     0.0     0.0     0.0     0.0     0.0     0.0     0.0     0.0     0.0     0.0     0.0     0.0     0.0     0.0     0.0     0.0     0.0     0.0     0.0     0.0     0.0     0.0     0.0     0.0     0.0     0.0     0.0     0.0     0.0     0.0     0.0     0.0     0.0     0.0     0.0     0.0     0.0     0.0     0.0     1.0     0.0     0.0     1.0
      50     0.0     0.0     0.0     0.0     0.0     0.0     0.0     0.0     0.0     0.0     0.0     0.0     0.0     0.0     0.0     0.0     0.0     0.0     0.0     0.0     0.0     0.0     0.0     0.0     0.0     0.0     0.0     0.0     0.0     0.0     0.0     0.0     0.0     0.0     0.0     0.0     0.0     0.0     0.0     0.0     0.0     0.0     0.0     0.0     0.0     0.0     0.0     0.0     0.0     1.0     0.0     0.0     0.0     0.0     1.0
      51     0.0     0.0     0.0     0.0     0.0     0.0     0.0     0.0     0.0     0.0     0.0     0.0     0.0     0.0     0.0     0.0     0.0     0.0     0.0     0.0     0.0     0.0     0.0     0.0     0.0     0.0     0.0     0.0     0.0     0.0     0.0     0.0     0.0     0.0     0.0     0.0     0.0     0.0     0.0     0.0     0.0     0.0     0.0     0.0     0.0     0.0     0.0     0.0     0.0     0.0     0.0     0.0     0.0     1.0     1.0
      52     0.0     0.0     0.0     0.0     0.0     0.0     0.0     0.0     0.0     0.0     0.0     0.0     0.0     0.0     0.0     0.0     0.0     0.0     0.0     0.0     0.0     0.0     0.0     0.0     0.0     0.0     0.0     0.0     0.0     0.0     0.0     0.0     0.0     0.0     0.0     0.0     0.0     0.0     0.0     0.0     0.0     0.0     0.0     0.0     0.0     0.0     0.0     0.0     0.0     0.0     1.0     0.0     0.0     0.0     1.0
      53     1.0     0.0     0.0     0.0     0.0     0.0     0.0     0.0     0.0     0.0     0.0     0.0     0.0     0.0     0.0     0.0     0.0     0.0     0.0     0.0     0.0     0.0     0.0     0.0     0.0     0.0     0.0     0.0     0.0     0.0     0.0     0.0     0.0     0.0     0.0     0.0     0.0     0.0     0.0     0.0     0.0     0.0     0.0     0.0     0.0     0.0     0.0     0.0     0.0     0.0     0.0     0.0     0.0     0.0     1.0
            13.0     1.0     1.0     1.0     1.0     1.0     1.0     1.0     1.0     1.0     1.0     1.0     1.0     1.0     1.0     1.0     1.0     2.0     1.0     1.0     1.0     1.0     1.0     1.0     1.0     1.0     1.0     1.0     1.0     1.0     2.0     2.0     1.0     1.0     1.0     1.0     2.0     1.0     1.0     1.0     1.0     1.0     1.0     1.0     1.0     1.0     1.0     1.0     1.0     1.0     1.0     1.0     1.0     1.0

Proportions per vehicle k (left axis)
               0       1       2       3       4       5       6       7       8       9      10      11      12      13      14      15      16      17      18      19      20      21      22      23      24      25      26      27      28      29      30      31      32      33      34      35      36      37      38      39      40      41      42      43      44      45      46      47      48      49      50      51      52      53
       0     0.0     0.0     0.0     0.0     0.0     0.0     0.0     0.0     0.0     0.0     0.0     0.0     0.0     0.0     0.0     0.0     0.0     0.0     0.0     0.0     0.0     0.0     0.0     0.0     0.0     0.0     0.0     0.0     0.0     0.0     0.0     0.0     0.0     0.0     0.0     0.0     0.0     0.0     0.0     0.0     0.0     0.0     0.0     0.0     0.0     0.0     0.0     0.0     0.0     0.0     0.0     0.0     0.0     0.0     0.0
       1     0.0     0.0     0.0     0.0     0.0     0.0     0.0     0.0     0.0     0.0     0.0     0.0     0.0     0.0     0.0     0.0     0.0     0.0     0.0     0.0     0.0     0.0     0.0     0.0     0.0     0.0     0.0     0.0     0.0     0.0     0.0     0.0     0.0     0.0     0.0     0.0     0.0     0.0     0.0     0.0     0.0     0.0     0.0     0.0     0.0     0.0     0.0     0.0     0.0     0.0     0.0     0.0     0.0     0.0     0.0
       2     0.0     0.0     0.0     0.0     0.0     0.0     0.0     0.0     0.0     0.0     0.0     0.0     0.0     0.0     0.0     0.0     0.0     0.0     0.0     0.0     0.0     0.0     0.0     0.0     0.0     0.0     0.0     0.0     0.0     0.0     0.0     0.0     0.0     0.0     0.0     0.0     0.0     0.0     0.0     0.0     0.0     0.0     0.0     0.0     0.0     0.0     0.0     0.0     0.0     0.0     0.0     0.0     0.0     0.0     0.0
       3     0.0     0.0     0.0     0.0     0.0     0.0     0.0     0.0     0.0     0.0     0.0     0.0     0.0     0.0     0.0     0.0     0.0     0.0     0.0     0.0     0.0     0.0     0.0     0.0     0.0     0.0     0.0     0.0     0.0     0.0     0.0     0.0     0.0     0.0     0.0     0.0     0.0     0.0     0.0     0.0     0.0     0.0     0.0     0.0     0.0     0.0     0.0     0.0     0.0     0.0     0.0     0.0     0.0     0.0     0.0
       4     0.0     0.0     0.0     0.0     0.0     0.0     0.0     0.0     0.0     0.0     0.0     0.0     0.0     0.0     0.0     0.0     0.0     0.0     0.0     0.0     0.0     0.0     0.0     0.0     0.0     0.0     0.0     0.0     0.0     0.0     0.0     0.0     0.0     0.0     0.0     0.0     0.0     0.0     0.0     0.0     0.0     0.0     0.0     0.0     0.0     0.0     0.0     0.0     0.0     0.0     0.0     0.0     0.0     0.0     0.0
       5     0.0     0.0     0.0     0.0     0.0     0.0     0.0     0.0     0.0     0.0     0.0     0.0     0.0     0.0     0.0     0.0     0.0     0.0     0.0     0.0     0.0     0.0     0.0     0.0     0.0     0.0     0.0     0.0     0.0     0.0     0.0     0.0     0.0     0.0     0.0     0.0     0.0     0.0     0.0     0.0     0.0     0.0     0.0     0.0     0.0     0.0     0.0     0.0     0.0     0.0     0.0     0.0     0.0     0.0     0.0
       6     0.0     0.0     0.0     0.0     0.0     0.0     0.0     0.0     0.0     0.0     0.0     0.0     0.0     0.0     0.0     0.0     0.0     0.0     0.0     0.0     0.0     0.0     0.0     0.0     0.0     0.0     0.0     0.0     0.0     0.0     0.0     0.0     0.0     0.0     0.0     0.0     0.0     0.0     0.0     0.0     0.0     0.0     0.0     0.0     0.0     0.0     0.0     0.0     0.0     0.0     0.0     0.0     0.0     0.0     0.0
       7     0.0     0.0     0.0     0.0     0.0     0.0     0.0     0.0     0.0     0.0     0.0     0.0     0.0     0.0     0.0     0.0     0.0     0.0     0.0     0.0     0.0     0.0     0.0     0.0     0.0     0.0     0.0     0.0     0.0     0.0     0.0     0.0     0.0     0.0     0.0     0.0     0.0     0.0     0.0     0.0     0.0     0.0     0.0     0.0     0.0     0.0     0.0     0.0     0.0     0.0     0.0     0.0     0.0     0.0     0.0
       8     0.0     0.0     0.0     0.0     0.0     0.0     0.0     0.0     0.0     0.0     0.0     0.0     0.0     0.0     0.0     0.0     0.0     0.0     0.0     0.0     0.0     0.0     0.0     0.0     0.0     0.0     0.0     0.0     0.0     0.0     0.0     0.0     0.0     0.0     0.0     0.0     0.0     0.0     0.0     0.0     0.0     0.0     0.0     0.0     0.0     0.0     0.0     0.0     0.0     0.0     0.0     0.0     0.0     0.0     0.0
       9     0.0     0.0     0.0     0.0     0.0     0.0     0.0     0.0     0.0     0.0     0.0     0.0     0.0     0.0     0.0     0.0     0.0     0.0     0.0     0.0     0.0     0.0     0.0     0.0     0.0     0.0     0.0     0.0     0.0     0.0     0.0     0.0     0.0     0.0     0.0     0.0     0.0     0.0     0.0     0.0     0.0     0.0     0.0     0.0     0.0     0.0     0.0     0.0     0.0     0.0     0.0     0.0     0.0     0.0     0.0
      10     0.0     0.0     0.0     0.0     0.0     0.0     0.0     0.0     0.0     0.0     0.0     0.0     0.0     0.0     0.0     0.0     0.0     0.0     0.0     0.0     0.0     0.0     0.0     0.0     0.0     0.0     0.0     0.0     0.0     0.0     0.8     0.0     0.0     0.0     0.0     0.0     0.6     0.0     1.0     0.0     0.0     0.0     0.0     0.0     0.0     0.0     0.0     0.0     0.0     0.0     0.0     0.0     0.0     0.0     2.4
      11     0.0     0.0     0.0     0.0     0.0     0.0     0.0     0.0     0.0     0.0     0.0     0.0     0.0     0.0     0.0     0.0     0.0     0.0     1.0     1.0     1.0     1.0     0.0     0.0     0.0     0.0     0.0     0.0     0.0     0.0     0.0     0.0     0.0     0.0     0.0     0.0     0.0     0.0     0.0     0.0     0.0     0.0     0.0     0.0     0.0     0.0     0.0     0.0     0.0     0.0     0.0     0.0     0.0     0.0     4.0
      12     0.0     0.0     0.0     0.0     0.0     0.0     0.0     0.0     0.0     0.0     0.0     0.0     0.0     0.0     0.0     0.0     0.0     0.0     0.0     0.0     0.0     0.0     0.0     0.0     0.0     0.0     0.0     0.0     0.0     1.0     0.0     0.5     1.0     0.0     0.0     0.0     0.0     0.0     0.0     0.0     0.0     0.0     0.0     0.0     0.0     0.0     0.0     0.0     0.0     0.0     0.0     0.0     0.0     0.0     2.5
      13     0.0     0.0     0.0     0.0     0.0     0.0     0.0     0.0     0.0     0.0     0.0     0.0     0.0     0.0     0.0     0.0     0.0     0.0     0.0     0.0     0.0     0.0     0.0     0.0     0.0     0.0     0.0     0.0     0.0     0.0     0.0     0.0     0.0     0.0     0.0     0.0     0.0     0.0     0.0     0.0     0.0     0.0     0.0     0.0     0.0     0.0     0.0     0.0     0.0     1.0     1.0     1.0     1.0     1.0     5.0
      14     0.0     0.0     0.0     0.0     0.0     0.0     0.0     0.0     0.0     0.0     0.0     0.0     0.0     0.0     0.0     0.0     0.0     0.0     0.0     0.0     0.0     0.0     0.0     0.0     0.0     0.0     0.0     0.0     0.0     0.0     0.0     0.0     0.0     0.0     0.0     0.0     0.0     0.0     0.0     0.0     0.0     0.0     0.0     0.0     1.0     1.0     1.0     1.0     1.0     0.0     0.0     0.0     0.0     0.0     5.0
      15     0.0     0.0     0.0     0.0     0.0     0.0     0.0     0.0     0.0     0.0     0.0     0.0     0.0     0.0     0.0     0.0     0.0     0.0     0.0     0.0     0.0     0.0     0.0     0.0     0.0     0.0     0.0     0.0     0.0     0.0     0.0     0.0     0.0     0.0     0.0     0.0     0.0     0.0     0.0     0.0     0.0     0.0     0.0     0.0     0.0     0.0     0.0     0.0     0.0     0.0     0.0     0.0     0.0     0.0     0.0
      16     0.0     0.0     1.0     0.0     0.0     0.0     0.0     0.0     0.0     0.0     0.0     0.0     0.0     0.0     0.0     0.0     0.0     0.0     0.0     0.0     0.0     0.0     0.0     0.0     0.0     0.0     0.0     0.0     0.0     0.0     0.2     0.5     0.0     0.0     0.0     0.0     0.0     0.0     0.0     0.0     0.0     0.0     0.0     0.0     0.0     0.0     0.0     0.0     0.0     0.0     0.0     0.0     0.0     0.0     1.7
      17     0.0     0.0     0.0     0.0     0.0     0.0     0.0     0.0     0.0     0.0     0.0     0.0     0.0     0.0     0.0     0.0     0.0     0.0     0.0     0.0     0.0     0.0     0.0     0.0     0.0     0.0     0.0     0.0     0.0     0.0     0.0     0.0     0.0     0.0     0.0     0.0     0.0     0.0     0.0     0.0     0.0     0.0     0.0     0.0     0.0     0.0     0.0     0.0     0.0     0.0     0.0     0.0     0.0     0.0     0.0
      18     0.0     0.0     0.0     0.0     0.0     0.0     0.0     0.0     0.0     0.0     0.0     0.0     0.0     0.0     0.0     0.0     0.0     0.0     0.0     0.0     0.0     0.0     0.0     0.0     0.0     0.0     0.0     0.0     0.0     0.0     0.0     0.0     0.0     0.0     0.0     0.0     0.0     1.0     0.0     1.0     1.0     1.0     1.0     1.0     0.0     0.0     0.0     0.0     0.0     0.0     0.0     0.0     0.0     0.0     6.0
      19     0.0     0.0     0.0     0.0     0.0     0.0     0.0     0.0     0.0     0.0     0.0     1.0     1.0     1.0     1.0     1.0     1.0     0.0     0.0     0.0     0.0     0.0     0.0     0.0     0.0     0.0     0.0     0.0     0.0     0.0     0.0     0.0     0.0     0.0     0.0     0.0     0.0     0.0     0.0     0.0     0.0     0.0     0.0     0.0     0.0     0.0     0.0     0.0     0.0     0.0     0.0     0.0     0.0     0.0     6.0
      20     0.0     0.0     0.0     0.0     0.0     0.0     0.0     1.0     1.0     1.0     1.0     0.0     0.0     0.0     0.0     0.0     0.0     0.0     0.0     0.0     0.0     0.0     0.0     0.0     0.0     0.0     0.0     0.0     0.0     0.0     0.0     0.0     0.0     0.0     0.0     0.0     0.0     0.0     0.0     0.0     0.0     0.0     0.0     0.0     0.0     0.0     0.0     0.0     0.0     0.0     0.0     0.0     0.0     0.0     4.0
      21     0.0     0.0     0.0     0.0     0.0     0.0     0.0     0.0     0.0     0.0     0.0     0.0     0.0     0.0     0.0     0.0     0.0     0.0     0.0     0.0     0.0     0.0     0.0     0.0     0.0     0.0     0.0     0.0     0.0     0.0     0.0     0.0     0.0     1.0     1.0     1.0     0.4    -0.0     0.0     0.0     0.0     0.0     0.0     0.0     0.0     0.0     0.0     0.0     0.0     0.0     0.0     0.0     0.0     0.0     3.4
      22     0.0     0.0     0.0     0.0     0.0     0.0     0.0     0.0     0.0     0.0     0.0     0.0     0.0     0.0     0.0     0.0     0.0     0.0     0.0     0.0     0.0     0.0     0.0     1.0     0.0     1.0     1.0     1.0     1.0     0.0     0.0     0.0     0.0     0.0     0.0     0.0     0.0     0.0     0.0     0.0     0.0     0.0     0.0     0.0     0.0     0.0     0.0     0.0     0.0     0.0     0.0     0.0     0.0     0.0     5.0
      23     0.0     0.0     0.0     0.0     0.0     0.0     0.0     0.0     0.0     0.0     0.0     0.0     0.0     0.0     0.0     0.0     0.0     1.0     0.0     0.0     0.0     0.0     1.0     0.0     1.0     0.0     0.0     0.0     0.0     0.0     0.0     0.0     0.0     0.0     0.0     0.0     0.0     0.0     0.0     0.0     0.0     0.0     0.0     0.0     0.0     0.0     0.0     0.0     0.0     0.0     0.0     0.0     0.0     0.0     3.0
      24     0.0     1.0     0.0     1.0     1.0     1.0     1.0     0.0     0.0     0.0     0.0     0.0     0.0     0.0     0.0     0.0     0.0     0.0     0.0     0.0     0.0     0.0     0.0     0.0     0.0     0.0     0.0     0.0     0.0     0.0     0.0     0.0     0.0     0.0     0.0     0.0     0.0     0.0     0.0     0.0     0.0     0.0     0.0     0.0     0.0     0.0     0.0     0.0     0.0     0.0     0.0     0.0     0.0     0.0     5.0
             0.0     1.0     1.0     1.0     1.0     1.0     1.0     1.0     1.0     1.0     1.0     1.0     1.0     1.0     1.0     1.0     1.0     1.0     1.0     1.0     1.0     1.0     1.0     1.0     1.0     1.0     1.0     1.0     1.0     1.0     1.0     1.0     1.0     1.0     1.0     1.0     1.0     1.0     1.0     1.0     1.0     1.0     1.0     1.0     1.0     1.0     1.0     1.0     1.0     1.0     1.0     1.0     1.0     1.0

Arrival times sorted by node: 

    Node    Time  Demand  Vehicles
       0     0.0       0     all
       1    65.0      40      24
       2    15.0      50      16
       3   702.0      20      24
       4   324.0      20      24
       5   586.8      10      24
       6   467.0      10      24
       7    30.0      30      20
       8   528.0      40      20
       9   179.0      20      20
      10   278.0      10      20
      11    10.0      10      19
      12   732.0      10      19
      13   169.0      40      19
      14   546.0      20      19
      15   358.0      10      19
      16   449.0      10      19
      17    31.0      30      23
      18    87.0      40      11
      19   283.0      10      11
      20   716.0      10      11
      21   481.6      30      11
      22    68.0      20      23
      23    16.0      40      22
      24   359.0      50      23
      25   541.0      30      22
      26  1001.0      10      22
      27   880.0      10      22
      28   786.0      10      22
      29   286.0      20      12
      30   186.0      40      ++
      31   385.0      80      ++
      32    35.0      40      12
      33   317.0      20      21
      34   171.0      50      21
      35   670.5      10      21
      36    76.0      50      ++
      37   875.0      10      18
      38    12.0      40      10
      39   293.0      20      18
      40   203.0      10      18
      41   109.0      20      18
      42   731.0      10      18
      43    47.0      30      18
      44   369.0      20      14
      45   458.0      20      14
      46   173.0      10      14
      47    85.0      20      14
      48    20.0      10      14
      49   368.0      20      13
      50    95.0      10      13
      51   561.0      30      13
      52    30.0      20      13
      53   726.0      20      13

Arrival times sorted by time: 

    Node    Time  Demand  Vehicles
       0     0.0       0     all
      11    10.0      10      19
      38    12.0      40      10
       2    15.0      50      16
      23    16.0      40      22
      48    20.0      10      14
       7    30.0      30      20
      52    30.0      20      13
      17    31.0      30      23
      32    35.0      40      12
      43    47.0      30      18
       1    65.0      40      24
      22    68.0      20      23
      36    76.0      50      ++
      47    85.0      20      14
      18    87.0      40      11
      50    95.0      10      13
      41   109.0      20      18
      13   169.0      40      19
      34   171.0      50      21
      46   173.0      10      14
       9   179.0      20      20
      30   186.0      40      ++
      40   203.0      10      18
      10   278.0      10      20
      19   283.0      10      11
      29   286.0      20      12
      39   293.0      20      18
      33   317.0      20      21
       4   324.0      20      24
      15   358.0      10      19
      24   359.0      50      23
      49   368.0      20      13
      44   369.0      20      14
      31   385.0      80      ++
      16   449.0      10      19
      45   458.0      20      14
       6   467.0      10      24
      21   481.6      30      11
       8   528.0      40      20
      25   541.0      30      22
      14   546.0      20      19
      51   561.0      30      13
       5   586.8      10      24
      35   670.5      10      21
       3   702.0      20      24
      20   716.0      10      11
      53   726.0      20      13
      42   731.0      10      18
      12   732.0      10      19
      28   786.0      10      22
      37   875.0      10      18
      27   880.0      10      22
      26  1001.0      10      22

Results: 

Best solution:   52897.26 cost units

Distance traveled:
897.2656611018522

Total number of fixed costs:
51999.99861844334

Number of small vehicles:
0.0

Number of large vehicles:
12.999999654610834