    78    82 30801.7079   14  396 49484.9108 27789.2384  43.8%  2795  197s
    86    90 30821.4916   17  414 49484.9108 27789.2384  43.8%  2678  203s
H   90    90                    49472.328488 27789.2384  43.8%  2593  203s
H   92    90                    49346.892100 27789.2384  43.7%  2565  203s
    94   102 30845.6614   20  388 49346.8921 27789.2384  43.7%  2604  209s
   108   121 30854.1055   25  365 49346.8921 27789.2384  43.7%  2361  214s
H  127   125                    49292.407911 27789.2384  43.6%  2096  219s
   131   143 30916.5243   29  387 49292.4079 27789.2384  43.6%  2054  224s
H  149   149                    49177.169707 27789.2384  43.5%  1882  232s
   155   164 30971.1458   36  338 49177.1697 27789.2384  43.5%  1839  238s
   170   183 30993.0678   40  373 49177.1697 27789.2384  43.5%  1764  244s
   192   200 32170.4235   44  349 49177.1697 27789.2384  43.5%  1656  249s
   210   212 31901.0779   46  339 49177.1697 27789.2384  43.5%  1572  254s
   224   234 31909.3128   48  364 49177.1697 27789.2384  43.5%  1542  261s
   246   256 32055.8135   55  354 49177.1697 27789.2384  43.5%  1485  267s
   270   279 32162.2512   63  356 49177.1697 27789.2384  43.5%  1418  275s
   298   291 32335.3623   68  342 49177.1697 27789.2384  43.5%  1371  286s
H  300   291                    49177.169582 27789.2384  43.5%  1369  286s
   310   315 33155.3299   71  325 49177.1696 27789.2384  43.5%  1351  293s
   334   360 33261.3601   78  353 49177.1696 27789.2384  43.5%  1325  300s
   381   403 34862.8275   94  281 49177.1696 27789.2384  43.5%  1221  306s
   426   452 33558.4161  105  308 49177.1696 27789.2384  43.5%  1130  313s
   475   477 34189.0365  118  293 49177.1696 27789.2384  43.5%  1055  319s
   501   526 34473.7563  121  303 49177.1696 27789.2384  43.5%  1041  326s
   550   585 34658.6434  133  293 49177.1696 27789.2384  43.5%   983  334s
   609   624 34900.7724  147  298 49177.1696 27789.2384  43.5%   920  341s
   650   680 35909.6423  154  275 49177.1696 27789.2384  43.5%   906  349s
   708   764 36041.9446  185  259 49177.1696 27789.2384  43.5%   866  356s
   796   867 36435.7204  220  260 49177.1696 27789.2384  43.5%   799  363s
   899   932 37831.0002  239  244 49177.1696 27789.2384  43.5%   733  370s
   965  1025 38640.2548  257  274 49177.1696 27789.2384  43.5%   710  380s
H 1061  1036                    49177.168834 27789.2384  43.5%   675  389s
H 1062  1036                    49177.168806 27789.2384  43.5%   675  389s
H 1063  1036                    49177.168708 27789.2384  43.5%   677  389s
  1072  1125 38892.5393  287  240 49177.1687 27789.2384  43.5%   673  397s
  1167  1210 39171.3729  311  219 49177.1687 27789.2384  43.5%   638  406s
  1261  1287 40995.3398  338  239 49177.1687 27789.2384  43.5%   614  415s
  1344  1434 42305.3755  353  214 49177.1687 27789.2384  43.5%   598  424s
  1497  1534 46244.4816  385  153 49177.1687 27789.2384  43.5%   557  436s
  1623  1598 28194.6879    5  456 49177.1687 27789.2384  43.5%   540  449s
  1689  1661 29744.8723    7  337 49177.1687 27789.2384  43.5%   544  461s
  1759  1770 29825.1826    8  386 49177.1687 27789.2384  43.5%   549  472s
  1870  1884 31158.8734   10  305 49177.1687 27789.2384  43.5%   537  481s
  2001  1910 30831.1347   14  350 49177.1687 27789.2384  43.5%   516  492s
  2035  1964 33721.1348   18  267 49177.1687 27789.2384  43.5%   528  504s
  2089  2047 32567.7656   26  317 49177.1687 27789.2384  43.5%   532  517s
  2176  2166 34324.8493   33  234 49177.1687 27789.2384  43.5%   531  529s
  2295  2308 35664.6678   41  229 49177.1687 27789.2384  43.5%   522  543s
H 2441  2377                    49134.703179 27789.2384  43.4%   511  556s
  2521  2445 35136.2086   55  286 49134.7032 27789.2384  43.4%   509  572s
H 2590  2445                    49134.703111 27789.2384  43.4%   516  572s
  2591  2446 31470.1163   42  482 49134.7031 27789.2384  43.4%   516  582s
H 2592  2324                    49128.768597 27789.2384  43.4%   515  585s
  2594  2325 36918.6766  150  393 49128.7686 27789.2384  43.4%   515  590s
H 2594  2209                    49108.841980 27789.2384  43.4%   515  595s
H 2595  2099                    49108.515710 27789.2384  43.4%   515  600s
H 2596  1994                    49104.920609 27789.2384  43.4%   515  604s
  2597  1995 48502.9766  424  468 49104.9206 27789.2384  43.4%   514  605s
  2599  1996 42364.3580  397  466 49104.9206 27789.2384  43.4%   514  610s
  2601  1998 36305.3694   41  498 49104.9206 27789.2384  43.4%   514  617s
H 2601  1898                    49086.920609 27789.2384  43.4%   514  620s
H 2602  1803                    49085.684541 27789.2384  43.4%   513  627s
  2604  1805 38148.3831  305  569 49085.6845 27789.2384  43.4%   513  631s
H 2604  1714                    49053.765725 27789.2384  43.3%   513  651s
H 2604  1629                    49033.079318 31919.8960  34.9%   513  655s
  2606  1630 44669.9359  479  632 49033.0793 40086.5895  18.2%   513  664s
  2607  1631 40124.0468   90  660 49033.0793 40124.0468  18.2%   512  666s
H 2609  1550                    49032.288099 42024.6195  14.3%   512  679s
  2611  1551 42390.0742  328  527 49032.2881 42390.0742  13.5%   512  682s
  2613  1553 42902.0487  218  490 49032.2881 42902.0487  12.5%   511  689s
  2614  1553 42902.0487  178  609 49032.2881 42902.0487  12.5%   511  691s
  2615  1554 43328.8757  265  585 49032.2881 43328.8757  11.6%   511  698s
  2616  1555 43337.3307   64  587 49032.2881 43337.3307  11.6%   511  701s
H 2616  1476                    49030.201173 43676.3139  10.9%   511  710s
  2618  1477 43821.2385   54  638 49030.2012 43821.2385  10.6%   510  715s
H 2618  1403                    48756.623458 43821.2385  10.1%   510  717s
H 2619  1333                    48756.223151 44493.1885  8.74%   510  730s
H 2620  1266                    48694.474330 44493.1885  8.63%   510  740s
  2622  1268 44549.2209  279  795 48694.4743 44549.2209  8.51%   510  745s
H 2622  1204                    48692.305282 44549.2209  8.51%   510  756s
H 2622  1144                    48690.781121 45023.1101  7.53%   510  764s
  2624  1145 45032.9392  280  750 48690.7811 45032.9392  7.51%   509  765s
  2626  1146 45083.1639   61  736 48690.7811 45083.1639  7.41%   509  773s
  2627  1147 45085.7130   16  707 48690.7811 45085.7130  7.40%   509  775s
H 2632  1094                    48690.660890 45097.7769  7.38%   578  782s
  2634  1095 45097.7769   21  370 48690.6609 45097.7769  7.38%   577  792s
H 2634  1040                    48690.540459 45097.7769  7.38%   577  799s
H 2634   988                    48690.353900 45097.7769  7.38%   577  799s
  2636   989 45097.7769   19  583 48690.3539 45097.7769  7.38%   577  805s
  2637   990 45097.7769  256  659 48690.3539 45097.7769  7.38%   577  811s
  2638   991 45097.7769  108  710 48690.3539 45097.7769  7.38%   576  816s
H 2639   941                    48663.075027 45106.5024  7.31%   576  821s
  2642   943 45114.6220  261  743 48663.0750 45114.6220  7.29%   576  827s
  2644   945 45117.1785  385  730 48663.0750 45117.1785  7.29%   575  871s
H 2645   898                    48663.074732 45118.8896  7.28%   575  892s
  2647   901     cutoff   21      48663.0747 45118.8896  7.28%   602  952s
  2649   900 45208.4808   22  685 48663.0747 45189.0500  7.14%   603 1011s
  2651   899     cutoff   23      48663.0747 45220.2302  7.07%   605 1067s
  2653   901 45299.9771   24  597 48663.0747 45267.4252  6.98%   607 1121s
  2655   904 47972.2296   25  376 48663.0747 45315.9542  6.88%   610 1167s
  2659   907 47972.2296   26  285 48663.0747 45346.7122  6.81%   616 1188s
  2663   909 47975.0347   27  344 48663.0747 45346.7122  6.81%   624 1204s
  2667   913 48001.4469   27  329 48663.0747 45392.5463  6.72%   628 1218s
  2672   918 47975.9767   28  338 48663.0747 45394.9464  6.72%   630 1230s
H 2673   873                    48660.932892 45394.9464  6.71%   630 1230s
H 2675   829                    48658.031394 45394.9464  6.71%   631 1230s
  2679   833 47995.2281   29  374 48658.0314 45440.2790  6.61%   633 1239s
  2684   838 48037.3588   28  357 48658.0314 45487.5366  6.52%   638 1247s
  2691   841 47996.3366   30  311 48658.0314 45487.5366  6.52%   639 1253s
  2700   845 48011.4440   33  330 48658.0314 45487.5366  6.52%   639 1261s
H 2711   802                    48649.046564 45487.5366  6.50%   640 1274s
  2717   811 48011.4440   35  300 48649.0466 45487.5366  6.50%   640 1283s
  2732   818 48018.9097   39  322 48649.0466 45487.5366  6.50%   640 1293s
  2746   825 48020.2988   41  312 48649.0466 45487.5366  6.50%   640 1299s
H 2750   784                    48647.431728 45487.5366  6.50%   639 1299s
H 2755   746                    48647.431595 45487.5366  6.50%   638 1299s
  2759   759 48060.9737   45  297 48647.4316 45487.5366  6.50%   639 1306s
  2774   769 48027.4436   47  245 48647.4316 45487.5366  6.50%   638 1310s
H 2794   736                    48647.320423 45487.5366  6.50%   635 1314s
H 2799   701                    48609.363763 45487.5366  6.42%   634 1314s
  2812   712 48031.6328   57  255 48609.3638 45487.5366  6.42%   632 1320s
  2831   703 48033.8559   62  280 48609.3638 45487.5366  6.42%   630 1334s
H 2833   671                    48598.021007 45487.5366  6.40%   630 1334s
  2846   673 48125.2712   62  252 48598.0210 45487.5366  6.40%   630 1341s
  2859   680 48039.4399   63  272 48598.0210 45487.5366  6.40%   631 1351s
  2878   667 48593.9502   70  224 48598.0210 45624.2257  6.12%   632 1361s
  2900   660 47015.3704   39  205 48598.0210 45908.9547  5.53%   633 1371s
  2926   665     cutoff   43      48598.0210 46007.4158  5.33%   632 1379s
  2945   676 infeasible   44      48598.0210 46225.2356  4.88%   632 1388s
  2977   689 48532.1961   44  200 48598.0210 46225.2356  4.88%   629 1397s
  3010   697     cutoff   56      48598.0210 46225.2356  4.88%   626 1408s
H 3055   655                    48598.020990 46225.2356  4.88%   620 1415s
H 3058   626                    48595.798565 46225.2356  4.88%   619 1415s
H 3060   598                    48594.056296 46225.2356  4.87%   620 1415s
  3065   617     cutoff   73      48594.0563 46777.0296  3.74%   619 1427s
  3115   608 48562.2290   53  255 48594.0563 46780.2489  3.73%   615 1440s
  3157   607 47178.0931   31  287 48594.0563 46780.2489  3.73%   612 1452s
  3196   616 47204.8222   36  257 48594.0563 47175.4296  2.92%   611 1462s
  3251   603 48574.4190   71  246 48594.0563 47573.8296  2.10%   606 1474s
  3306   600     cutoff   39      48594.0563 47573.9794  2.10%   604 1484s
  3361   591 48529.6511   55  251 48594.0563 47594.0645  2.06%   601 1496s
  3419   581 48074.6830   29  363 48594.0563 47630.6100  1.98%   599 1507s
  3443   578 48078.3740   33  311 48594.0563 47630.6100  1.98%   602 1519s
  3478   565 48507.9525   39  233 48594.0563 48002.1734  1.22%   604 1532s
  3516   549 48059.1337   36  263 48594.0563 48009.1380  1.20%   606 1544s
  3559   538 infeasible   38      48594.0563 48021.6530  1.18%   606 1556s
  3578   536 infeasible   41      48594.0563 48021.6530  1.18%   608 1569s
  3611   536 48076.9118   35  302 48594.0563 48021.6530  1.18%   610 1584s
  3642   496 infeasible   40      48594.0563 48021.6530  1.18%   614 1599s
  3700   474 48563.5438   55  203 48594.0563 48060.0739  1.10%   616 1613s
  3765   419 48343.0402   44  238 48594.0563 48068.3178  1.08%   615 1629s
  3828   403     cutoff   56      48594.0563 48091.9363  1.03%   617 1645s
  3907   441 48524.9169   47  224 48594.0563 48191.0637  0.83%   615 1670s
  4020   500 48376.8599   46  217 48594.0563 48375.3723  0.45%   605 1687s
H 4150   526                    48593.513877 48375.3723  0.45%   592 1704s
  4233   629 48568.8865   83  127 48593.5139 48376.8599  0.45%   586 1723s
H 4394   702                    48587.587667 48376.8599  0.43%   573 1738s
H 4461   698                    48585.664770 48376.8599  0.43%   568 1738s
  4488   845 48520.4386  108  157 48585.6648 48376.8599  0.43%   567 1757s
  4696   971 48450.9273   62  247 48585.6648 48376.8599  0.43%   553 1778s
H 4715   971                    48585.664234 48376.8599  0.43%   552 1778s
H 4772   947                    48579.738547 48376.8599  0.42%   548 1778s
  4849  1130 48506.6520   81  165 48579.7385 48384.6442  0.40%   544 1800s

Cutting planes:
  Gomory: 123
  Implied bound: 152
  Projected implied bound: 20
  Clique: 77
  MIR: 47
  StrongCG: 1
  Flow cover: 154
  Zero half: 34
  RLT: 32
  Relax-and-lift: 11

Explored 5129 nodes (2764426 simplex iterations) in 1800.09 seconds (1708.69 work units)
Thread count was 8 (of 8 available processors)

Solution count 10: 48579.7 48585.7 48585.7 ... 48609.4

Time limit reached
Warning: max constraint violation (1.6962e-06) exceeds tolerance
Best objective 4.857973854844e+04, best bound 4.839070658898e+04, gap 0.3891%

--------------------------------------------------------------------


No feasible solution found

READY


Route matrix:
               0       1       2       3       4       5       6       7       8       9      10      11      12      13      14      15      16      17      18      19      20      21      22      23      24      25      26      27      28      29      30      31      32      33      34      35      36      37      38      39      40      41      42      43      44      45      46      47      48      49      50      51      52      53
       0     0.0     0.0     2.0     0.0     0.0     0.0     1.0     1.0     0.0     0.0     0.0     1.0     0.0     0.0     0.0     0.0     0.0     2.0     0.0     0.0     0.0     0.0     0.0     2.0     0.0     0.0     0.0     0.0     0.0     0.0     2.0     4.0     1.0     0.0     0.0     0.0     0.0     0.0     1.0     0.0     0.0     0.0     0.0     1.0     0.0     0.0     0.0     0.0     1.0     0.0     0.0     0.0     1.0     0.0    20.0
       1     0.0     0.0     0.0     0.0     1.0     0.0     0.0     0.0     0.0     0.0     0.0     0.0     0.0     0.0     0.0     0.0     0.0     0.0     0.0     0.0     0.0     0.0     0.0     0.0     0.0     0.0     0.0     0.0     0.0     0.0     0.0     0.0     0.0     0.0     0.0     0.0     0.0     0.0     0.0     0.0     0.0     0.0     0.0     0.0     0.0     0.0     0.0     0.0     0.0     0.0     0.0     0.0     0.0     0.0     1.0
       2     0.0     1.0     0.0     0.0     0.0     0.0     0.0     0.0     0.0     0.0     0.0     0.0     0.0     0.0     0.0     0.0     0.0     0.0     0.0     0.0     0.0     0.0     0.0     0.0     0.0     0.0     0.0     0.0     0.0     0.0     0.0     0.0     0.0     0.0     0.0     0.0     0.0     0.0     0.0     0.0     0.0     0.0     0.0     0.0     0.0     0.0     0.0     1.0     0.0     0.0     0.0     0.0     0.0     0.0     2.0
       3     1.0     0.0     0.0     0.0     0.0     0.0     0.0     0.0     0.0     0.0     0.0     0.0     0.0     0.0     0.0     0.0     0.0     0.0     0.0     0.0     0.0     0.0     0.0     0.0     0.0     0.0     0.0     0.0     0.0     0.0     0.0     0.0     0.0     0.0     0.0     0.0     0.0     0.0     0.0     0.0     0.0     0.0     0.0     0.0     0.0     0.0     0.0     0.0     0.0     0.0     0.0     0.0     0.0     0.0     1.0
       4     0.0     0.0     0.0     1.0     0.0     0.0     0.0     0.0     0.0     0.0     0.0     0.0     0.0     0.0     0.0     0.0     0.0     0.0     0.0     0.0     0.0     0.0     0.0     0.0     0.0     0.0     0.0     0.0     0.0     0.0     0.0     0.0     0.0     0.0     0.0     0.0     0.0     0.0     0.0     0.0     0.0     0.0     0.0     0.0     0.0     0.0     0.0     0.0     0.0     0.0     0.0     0.0     0.0     0.0     1.0
       5     1.0     0.0     0.0     0.0     0.0     0.0     0.0     0.0     0.0     0.0     0.0     0.0     0.0     0.0     0.0     0.0     0.0     0.0     0.0     0.0     0.0     0.0     0.0     0.0     0.0     0.0     0.0     0.0     0.0     0.0     0.0     0.0     0.0     0.0     0.0     0.0     0.0     0.0     0.0     0.0     0.0     0.0     0.0     0.0     0.0     0.0     0.0     0.0     0.0     0.0     0.0     0.0     0.0     0.0     1.0
       6     0.0     0.0     0.0     0.0     0.0     1.0     0.0     0.0     0.0     0.0     0.0     0.0     0.0     0.0     0.0     0.0     0.0     0.0     0.0     0.0     0.0     0.0     0.0     0.0     0.0     0.0     0.0     0.0     0.0     0.0     0.0     0.0     0.0     0.0     0.0     0.0     0.0     0.0     0.0     0.0     0.0     0.0     0.0     0.0     0.0     0.0     0.0     0.0     0.0     0.0     0.0     0.0     0.0     0.0     1.0
       7     0.0     0.0     0.0     0.0     0.0     0.0     0.0     0.0     0.0     1.0     0.0     0.0     0.0     0.0     0.0     0.0     0.0     0.0     0.0     0.0     0.0     0.0     0.0     0.0     0.0     0.0     0.0     0.0     0.0     0.0     0.0     0.0     0.0     0.0     0.0     0.0     0.0     0.0     0.0     0.0     0.0     0.0     0.0     0.0     0.0     0.0     0.0     0.0     0.0     0.0     0.0     0.0     0.0     0.0     1.0
       8     1.0     0.0     0.0     0.0     0.0     0.0     0.0     0.0     0.0     0.0     0.0     0.0     0.0     0.0     0.0     0.0     0.0     0.0     0.0     0.0     0.0     0.0     0.0     0.0     0.0     0.0     0.0     0.0     0.0     0.0     0.0     0.0     0.0     0.0     0.0     0.0     0.0     0.0     0.0     0.0     0.0     0.0     0.0     0.0     0.0     0.0     0.0     0.0     0.0     0.0     0.0     0.0     0.0     0.0     1.0
       9     0.0     0.0     0.0     0.0     0.0     0.0     0.0     0.0     0.0     0.0     1.0     0.0     0.0     0.0     0.0     0.0     0.0     0.0     0.0     0.0     0.0     0.0     0.0     0.0     0.0     0.0     0.0     0.0     0.0     0.0     0.0     0.0     0.0     0.0     0.0     0.0     0.0     0.0     0.0     0.0     0.0     0.0     0.0     0.0     0.0     0.0     0.0     0.0     0.0     0.0     0.0     0.0     0.0     0.0     1.0
      10     0.0     0.0     0.0     0.0     0.0     0.0     0.0     0.0     1.0     0.0     0.0     0.0     0.0     0.0     0.0     0.0     0.0     0.0     0.0     0.0     0.0     0.0     0.0     0.0     0.0     0.0     0.0     0.0     0.0     0.0     0.0     0.0     0.0     0.0     0.0     0.0     0.0     0.0     0.0     0.0     0.0     0.0     0.0     0.0     0.0     0.0     0.0     0.0     0.0     0.0     0.0     0.0     0.0     0.0     1.0
      11     0.0     0.0     0.0     0.0     0.0     0.0     0.0     0.0     0.0     0.0     0.0     0.0     0.0     1.0     0.0     0.0     0.0     0.0     0.0     0.0     0.0     0.0     0.0     0.0     0.0     0.0     0.0     0.0     0.0     0.0     0.0     0.0     0.0     0.0     0.0     0.0     0.0     0.0     0.0     0.0     0.0     0.0     0.0     0.0     0.0     0.0     0.0     0.0     0.0     0.0     0.0     0.0     0.0     0.0     1.0
      12     1.0     0.0     0.0     0.0     0.0     0.0     0.0     0.0     0.0     0.0     0.0     0.0     0.0     0.0     0.0     0.0     0.0     0.0     0.0     0.0     0.0     0.0     0.0     0.0     0.0     0.0     0.0     0.0     0.0     0.0     0.0     0.0     0.0     0.0     0.0     0.0     0.0     0.0     0.0     0.0     0.0     0.0     0.0     0.0     0.0     0.0     0.0     0.0     0.0     0.0     0.0     0.0     0.0     0.0     1.0
      13     0.0     0.0     0.0     0.0     0.0     0.0     0.0     0.0     0.0     0.0     0.0     0.0     0.0     0.0     0.0     1.0     0.0     0.0     0.0     0.0     0.0     0.0     0.0     0.0     0.0     0.0     0.0     0.0     0.0     0.0     0.0     0.0     0.0     0.0     0.0     0.0     0.0     0.0     0.0     0.0     0.0     0.0     0.0     0.0     0.0     0.0     0.0     0.0     0.0     0.0     0.0     0.0     0.0     0.0     1.0
      14     0.0     0.0     0.0     0.0     0.0     0.0     0.0     0.0     0.0     0.0     0.0     0.0     1.0     0.0     0.0     0.0     0.0     0.0     0.0     0.0     0.0     0.0     0.0     0.0     0.0     0.0     0.0     0.0     0.0     0.0     0.0     0.0     0.0     0.0     0.0     0.0     0.0     0.0     0.0     0.0     0.0     0.0     0.0     0.0     0.0     0.0     0.0     0.0     0.0     0.0     0.0     0.0     0.0     0.0     1.0
      15     0.0     0.0     0.0     0.0     0.0     0.0     0.0     0.0     0.0     0.0     0.0     0.0     0.0     0.0     0.0     0.0     1.0     0.0     0.0     0.0     0.0     0.0     0.0     0.0     0.0     0.0     0.0     0.0     0.0     0.0     0.0     0.0     0.0     0.0     0.0     0.0     0.0     0.0     0.0     0.0     0.0     0.0     0.0     0.0     0.0     0.0     0.0     0.0     0.0     0.0     0.0     0.0     0.0     0.0     1.0
      16     0.0     0.0     0.0     0.0     0.0     0.0     0.0     0.0     0.0     0.0     0.0     0.0     0.0     0.0     1.0     0.0     0.0     0.0     0.0     0.0     0.0     0.0     0.0     0.0     0.0     0.0     0.0     0.0     0.0     0.0     0.0     0.0     0.0     0.0     0.0     0.0     0.0     0.0     0.0     0.0     0.0     0.0     0.0     0.0     0.0     0.0     0.0     0.0     0.0     0.0     0.0     0.0     0.0     0.0     1.0
      17     1.0     0.0     0.0     0.0     0.0     0.0     0.0     0.0     0.0     0.0     0.0     0.0     0.0     0.0     0.0     0.0     0.0     0.0     1.0     0.0     0.0     0.0     0.0     0.0     0.0     0.0     0.0     0.0     0.0     0.0     0.0     0.0     0.0     0.0     0.0     0.0     0.0     0.0     0.0     0.0     0.0     0.0     0.0     0.0     0.0     0.0     0.0     0.0     0.0     0.0     0.0     0.0     0.0     0.0     2.0
      18     0.0     0.0     0.0     0.0     0.0     0.0     0.0     0.0     0.0     0.0     0.0     0.0     0.0     0.0     0.0     0.0     0.0     0.0     0.0     1.0     0.0     0.0     0.0     0.0     0.0     0.0     0.0     0.0     0.0     0.0     0.0     0.0     0.0     0.0     0.0     0.0     0.0     0.0     0.0     0.0     0.0     0.0     0.0     0.0     0.0     0.0     0.0     0.0     0.0     0.0     0.0     0.0     0.0     0.0     1.0
      19     0.0     0.0     0.0     0.0     0.0     0.0     0.0     0.0     0.0     0.0     0.0     0.0     0.0     0.0     0.0     0.0     0.0     0.0     0.0     0.0     0.0     1.0     0.0     0.0     0.0     0.0     0.0     0.0     0.0     0.0     0.0     0.0     0.0     0.0     0.0     0.0     0.0     0.0     0.0     0.0     0.0     0.0     0.0     0.0     0.0     0.0     0.0     0.0     0.0     0.0     0.0     0.0     0.0     0.0     1.0
      20     1.0     0.0     0.0     0.0     0.0     0.0     0.0     0.0     0.0     0.0     0.0     0.0     0.0     0.0     0.0     0.0     0.0     0.0     0.0     0.0     0.0     0.0     0.0     0.0     0.0     0.0     0.0     0.0     0.0     0.0     0.0     0.0     0.0     0.0     0.0     0.0     0.0     0.0     0.0     0.0     0.0     0.0     0.0     0.0     0.0     0.0     0.0     0.0     0.0     0.0     0.0     0.0     0.0     0.0     1.0
      21     0.0     0.0     0.0     0.0     0.0     0.0     0.0     0.0     0.0     0.0     0.0     0.0     0.0     0.0     0.0     0.0     0.0     0.0     0.0     0.0     1.0     0.0     0.0     0.0     0.0     0.0     0.0     0.0     0.0     0.0     0.0     0.0     0.0     0.0     0.0     0.0     0.0     0.0     0.0     0.0     0.0     0.0     0.0     0.0     0.0     0.0     0.0     0.0     0.0     0.0     0.0     0.0     0.0     0.0     1.0
      22     0.0     0.0     0.0     0.0     0.0     0.0     0.0     0.0     0.0     0.0     0.0     0.0     0.0     0.0     0.0     0.0     0.0     0.0     0.0     0.0     0.0     0.0     0.0     0.0     1.0     0.0     0.0     0.0     0.0     0.0     0.0     0.0     0.0     0.0     0.0     0.0     0.0     0.0     0.0     0.0     0.0     0.0     0.0     0.0     0.0     0.0     0.0     0.0     0.0     0.0     0.0     0.0     0.0     0.0     1.0
      23     0.0     0.0     0.0     0.0     0.0     0.0     0.0     0.0     0.0     0.0     0.0     0.0     0.0     0.0     0.0     0.0     0.0     0.0     0.0     0.0     0.0     0.0     1.0     0.0     0.0     0.0     0.0     0.0     0.0     0.0     0.0     0.0     0.0     0.0     0.0     0.0     1.0     0.0     0.0     0.0     0.0     0.0     0.0     0.0     0.0     0.0     0.0     0.0     0.0     0.0     0.0     0.0     0.0     0.0     2.0
      24     1.0     0.0     0.0     0.0     0.0     0.0     0.0     0.0     0.0     0.0     0.0     0.0     0.0     0.0     0.0     0.0     0.0     0.0     0.0     0.0     0.0     0.0     0.0     0.0     0.0     1.0     0.0     0.0     0.0     0.0     0.0     0.0     0.0     0.0     0.0     0.0     0.0     0.0     0.0     0.0     0.0     0.0     0.0     0.0     0.0     0.0     0.0     0.0     0.0     0.0     0.0     0.0     0.0     0.0     2.0
      25     0.0     0.0     0.0     0.0     0.0     0.0     0.0     0.0     0.0     0.0     0.0     0.0     0.0     0.0     0.0     0.0     0.0     0.0     0.0     0.0     0.0     0.0     0.0     0.0     0.0     0.0     0.0     0.0     1.0     0.0     0.0     0.0     0.0     0.0     0.0     0.0     0.0     0.0     0.0     0.0     0.0     0.0     0.0     0.0     0.0     0.0     0.0     0.0     0.0     0.0     0.0     0.0     0.0     0.0     1.0
      26     1.0     0.0     0.0     0.0     0.0     0.0     0.0     0.0     0.0     0.0     0.0     0.0     0.0     0.0     0.0     0.0     0.0     0.0     0.0     0.0     0.0     0.0     0.0     0.0     0.0     0.0     0.0     0.0     0.0     0.0     0.0     0.0     0.0     0.0     0.0     0.0     0.0     0.0     0.0     0.0     0.0     0.0     0.0     0.0     0.0     0.0     0.0     0.0     0.0     0.0     0.0     0.0     0.0     0.0     1.0
      27     0.0     0.0     0.0     0.0     0.0     0.0     0.0     0.0     0.0     0.0     0.0     0.0     0.0     0.0     0.0     0.0     0.0     0.0     0.0     0.0     0.0     0.0     0.0     0.0     0.0     0.0     1.0     0.0     0.0     0.0     0.0     0.0     0.0     0.0     0.0     0.0     0.0     0.0     0.0     0.0     0.0     0.0     0.0     0.0     0.0     0.0     0.0     0.0     0.0     0.0     0.0     0.0     0.0     0.0     1.0
      28     0.0     0.0     0.0     0.0     0.0     0.0     0.0     0.0     0.0     0.0     0.0     0.0     0.0     0.0     0.0     0.0     0.0     0.0     0.0     0.0     0.0     0.0     0.0     0.0     0.0     0.0     0.0     1.0     0.0     0.0     0.0     0.0     0.0     0.0     0.0     0.0     0.0     0.0     0.0     0.0     0.0     0.0     0.0     0.0     0.0     0.0     0.0     0.0     0.0     0.0     0.0     0.0     0.0     0.0     1.0
      29     0.0     0.0     0.0     0.0     0.0     0.0     0.0     0.0     0.0     0.0     0.0     0.0     0.0     0.0     0.0     0.0     0.0     0.0     0.0     0.0     0.0     0.0     0.0     0.0     1.0     0.0     0.0     0.0     0.0     0.0     0.0     0.0     0.0     0.0     0.0     0.0     0.0     0.0     0.0     0.0     0.0     0.0     0.0     0.0     0.0     0.0     0.0     0.0     0.0     0.0     0.0     0.0     0.0     0.0     1.0
      30     2.0     0.0     0.0     0.0     0.0     0.0     0.0     0.0     0.0     0.0     0.0     0.0     0.0     0.0     0.0     0.0     0.0     0.0     0.0     0.0     0.0     0.0     0.0     0.0     0.0     0.0     0.0     0.0     0.0     0.0     0.0     0.0     0.0     0.0     0.0     0.0     0.0     0.0     0.0     0.0     0.0     0.0     0.0     0.0     0.0     0.0     0.0     0.0     0.0     0.0     0.0     0.0     0.0     0.0     2.0
      31     4.0     0.0     0.0     0.0     0.0     0.0     0.0     0.0     0.0     0.0     0.0     0.0     0.0     0.0     0.0     0.0     0.0     0.0     0.0     0.0     0.0     0.0     0.0     0.0     0.0     0.0     0.0     0.0     0.0     0.0     0.0     0.0     0.0     0.0     0.0     0.0     0.0     0.0     0.0     0.0     0.0     0.0     0.0     0.0     0.0     0.0     0.0     0.0     0.0     0.0     0.0     0.0     0.0     0.0     4.0
      32     0.0     0.0     0.0     0.0     0.0     0.0     0.0     0.0     0.0     0.0     0.0     0.0     0.0     0.0     0.0     0.0     0.0     0.0     0.0     0.0     0.0     0.0     0.0     0.0     0.0     0.0     0.0     0.0     0.0     1.0     0.0     0.0     0.0     0.0     0.0     0.0     0.0     0.0     0.0     0.0     0.0     0.0     0.0     0.0     0.0     0.0     0.0     0.0     0.0     0.0     0.0     0.0     0.0     0.0     1.0
      33     0.0     0.0     0.0     0.0     0.0     0.0     0.0     0.0     0.0     0.0     0.0     0.0     0.0     0.0     0.0     0.0     0.0     0.0     0.0     0.0     0.0     0.0     0.0     0.0     0.0     0.0     0.0     0.0     0.0     0.0     0.0     0.0     0.0     0.0     0.0     1.0     0.0     0.0     0.0     0.0     0.0     0.0     0.0     0.0     0.0     0.0     0.0     0.0     0.0     0.0     0.0     0.0     0.0     0.0     1.0
      34     1.0     0.0     0.0     0.0     0.0     0.0     0.0     0.0     0.0     0.0     0.0     0.0     0.0     0.0     0.0     0.0     0.0     0.0     0.0     0.0     0.0     0.0     0.0     0.0     0.0     0.0     0.0     0.0     0.0     0.0     0.0     0.0     0.0     0.0     0.0     0.0     0.0     0.0     0.0     0.0     0.0     0.0     0.0     0.0     0.0     0.0     0.0     0.0     0.0     0.0     0.0     0.0     0.0     0.0     1.0
      35     1.0     0.0     0.0     0.0     0.0     0.0     0.0     0.0     0.0     0.0     0.0     0.0     0.0     0.0     0.0     0.0     0.0     0.0     0.0     0.0     0.0     0.0     0.0     0.0     0.0     0.0     0.0     0.0     0.0     0.0     0.0     0.0     0.0     0.0     0.0     0.0     0.0     0.0     0.0     0.0     0.0     0.0     0.0     0.0     0.0     0.0     0.0     0.0     0.0     0.0     0.0     0.0     0.0     0.0     1.0
      36     0.0     0.0     0.0     0.0     0.0     0.0     0.0     0.0     0.0     0.0     0.0     0.0     0.0     0.0     0.0     0.0     0.0     0.0     0.0     0.0     0.0     0.0     0.0     0.0     0.0     0.0     0.0     0.0     0.0     0.0     0.0     0.0     0.0     1.0     1.0     0.0     0.0     0.0     0.0     0.0     0.0     0.0     0.0     0.0     0.0     0.0     0.0     0.0     0.0     0.0     0.0     0.0     0.0     0.0     2.0
      37     1.0     0.0     0.0     0.0     0.0     0.0     0.0     0.0     0.0     0.0     0.0     0.0     0.0     0.0     0.0     0.0     0.0     0.0     0.0     0.0     0.0     0.0     0.0     0.0     0.0     0.0     0.0     0.0     0.0     0.0     0.0     0.0     0.0     0.0     0.0     0.0     0.0     0.0     0.0     0.0     0.0     0.0     0.0     0.0     0.0     0.0     0.0     0.0     0.0     0.0     0.0     0.0     0.0     0.0     1.0
      38     0.0     0.0     0.0     0.0     0.0     0.0     0.0     0.0     0.0     0.0     0.0     0.0     0.0     0.0     0.0     0.0     0.0     0.0     0.0     0.0     0.0     0.0     0.0     0.0     0.0     0.0     0.0     0.0     0.0     0.0     0.0     0.0     0.0     0.0     0.0     0.0     1.0     0.0     0.0     0.0     0.0     0.0     0.0     0.0     0.0     0.0     0.0     0.0     0.0     0.0     0.0     0.0     0.0     0.0     1.0
      39     0.0     0.0     0.0     0.0     0.0     0.0     0.0     0.0     0.0     0.0     0.0     0.0     0.0     0.0     0.0     0.0     0.0     0.0     0.0     0.0     0.0     0.0     0.0     0.0     0.0     0.0     0.0     0.0     0.0     0.0     0.0     0.0     0.0     0.0     0.0     0.0     0.0     0.0     0.0     0.0     0.0     0.0     1.0     0.0     0.0     0.0     0.0     0.0     0.0     0.0     0.0     0.0     0.0     0.0     1.0
      40     0.0     0.0     0.0     0.0     0.0     0.0     0.0     0.0     0.0     0.0     0.0     0.0     0.0     0.0     0.0     0.0     0.0     0.0     0.0     0.0     0.0     0.0     0.0     0.0     0.0     0.0     0.0     0.0     0.0     0.0     0.0     0.0     0.0     0.0     0.0     0.0     0.0     0.0     0.0     1.0     0.0     0.0     0.0     0.0     0.0     0.0     0.0     0.0     0.0     0.0     0.0     0.0     0.0     0.0     1.0
      41     0.0     0.0     0.0     0.0     0.0     0.0     0.0     0.0     0.0     0.0     0.0     0.0     0.0     0.0     0.0     0.0     0.0     0.0     0.0     0.0     0.0     0.0     0.0     0.0     0.0     0.0     0.0     0.0     0.0     0.0     0.0     0.0     0.0     0.0     0.0     0.0     0.0     0.0     0.0     0.0     1.0     0.0     0.0     0.0     0.0     0.0     0.0     0.0     0.0     0.0     0.0     0.0     0.0     0.0     1.0
      42     0.0     0.0     0.0     0.0     0.0     0.0     0.0     0.0     0.0     0.0     0.0     0.0     0.0     0.0     0.0     0.0     0.0     0.0     0.0     0.0     0.0     0.0     0.0     0.0     0.0     0.0     0.0     0.0     0.0     0.0     0.0     0.0     0.0     0.0     0.0     0.0     0.0     1.0     0.0     0.0     0.0     0.0     0.0     0.0     0.0     0.0     0.0     0.0     0.0     0.0     0.0     0.0     0.0     0.0     1.0
      43     0.0     0.0     0.0     0.0     0.0     0.0     0.0     0.0     0.0     0.0     0.0     0.0     0.0     0.0     0.0     0.0     0.0     0.0     0.0     0.0     0.0     0.0     0.0     0.0     0.0     0.0     0.0     0.0     0.0     0.0     0.0     0.0     0.0     0.0     0.0     0.0     0.0     0.0     0.0     0.0     0.0     1.0     0.0     0.0     0.0     0.0     0.0     0.0     0.0     0.0     0.0     0.0     0.0     0.0     1.0
      44     0.0     0.0     0.0     0.0     0.0     0.0     0.0     0.0     0.0     0.0     0.0     0.0     0.0     0.0     0.0     0.0     0.0     0.0     0.0     0.0     0.0     0.0     0.0     0.0     0.0     0.0     0.0     0.0     0.0     0.0     0.0     0.0     0.0     0.0     0.0     0.0     0.0     0.0     0.0     0.0     0.0     0.0     0.0     0.0     0.0     1.0     0.0     0.0     0.0     0.0     0.0     0.0     0.0     0.0     1.0
      45     1.0     0.0     0.0     0.0     0.0     0.0     0.0     0.0     0.0     0.0     0.0     0.0     0.0     0.0     0.0     0.0     0.0     0.0     0.0     0.0     0.0     0.0     0.0     0.0     0.0     0.0     0.0     0.0     0.0     0.0     0.0     0.0     0.0     0.0     0.0     0.0     0.0     0.0     0.0     0.0     0.0     0.0     0.0     0.0     0.0     0.0     0.0     0.0     0.0     0.0     0.0     0.0     0.0     0.0     1.0
      46     0.0     0.0     0.0     0.0     0.0     0.0     0.0     0.0     0.0     0.0     0.0     0.0     0.0     0.0     0.0     0.0     0.0     0.0     0.0     0.0     0.0     0.0     0.0     0.0     0.0     0.0     0.0     0.0     0.0     0.0     0.0     0.0     0.0     0.0     0.0     0.0     0.0     0.0     0.0     0.0     0.0     0.0     0.0     0.0     1.0     0.0     0.0     0.0     0.0     0.0     0.0     0.0     0.0     0.0     1.0
      47     0.0     0.0     0.0     0.0     0.0     0.0     0.0     0.0     0.0     0.0     0.0     0.0     0.0     0.0     0.0     0.0     0.0     0.0     0.0     0.0     0.0     0.0     0.0     0.0     0.0     0.0     0.0     0.0     0.0     0.0     0.0     0.0     0.0     0.0     0.0     0.0     0.0     0.0     0.0     0.0     0.0     0.0     0.0     0.0     0.0     0.0     1.0     0.0     0.0     0.0     0.0     0.0     0.0     0.0     1.0
      48     1.0     0.0     0.0     0.0     0.0     0.0     0.0     0.0     0.0     0.0     0.0     0.0     0.0     0.0     0.0     0.0     0.0     0.0     0.0     0.0     0.0     0.0     0.0     0.0     0.0     0.0     0.0     0.0     0.0     0.0     0.0     0.0     0.0     0.0     0.0     0.0     0.0     0.0     0.0     0.0     0.0     0.0     0.0     0.0     0.0     0.0     0.0     0.0     0.0     0.0     0.0     0.0     0.0     0.0     1.0
      49     0.0     0.0     0.0     0.0     0.0     0.0     0.0     0.0     0.0     0.0     0.0     0.0     0.0     0.0     0.0     0.0     0.0     0.0     0.0     0.0     0.0     0.0     0.0     0.0     0.0     0.0     0.0     0.0     0.0     0.0     0.0     0.0     0.0     0.0     0.0     0.0     0.0     0.0     0.0     0.0     0.0     0.0     0.0     0.0     0.0     0.0     0.0     0.0     0.0     0.0     0.0     1.0     0.0     0.0     1.0
      50     0.0     0.0     0.0     0.0     0.0     0.0     0.0     0.0     0.0     0.0     0.0     0.0     0.0     0.0     0.0     0.0     0.0     0.0     0.0     0.0     0.0     0.0     0.0     0.0     0.0     0.0     0.0     0.0     0.0     0.0     0.0     0.0     0.0     0.0     0.0     0.0     0.0     0.0     0.0     0.0     0.0     0.0     0.0     0.0     0.0     0.0     0.0     0.0     0.0     1.0     0.0     0.0     0.0     0.0     1.0
      51     0.0     0.0     0.0     0.0     0.0     0.0     0.0     0.0     0.0     0.0     0.0     0.0     0.0     0.0     0.0     0.0     0.0     0.0     0.0     0.0     0.0     0.0     0.0     0.0     0.0     0.0     0.0     0.0     0.0     0.0     0.0     0.0     0.0     0.0     0.0     0.0     0.0     0.0     0.0     0.0     0.0     0.0     0.0     0.0     0.0     0.0     0.0     0.0     0.0     0.0     0.0     0.0     0.0     1.0     1.0
      52     0.0     0.0     0.0     0.0     0.0     0.0     0.0     0.0     0.0     0.0     0.0     0.0     0.0     0.0     0.0     0.0     0.0     0.0     0.0     0.0     0.0     0.0     0.0     0.0     0.0     0.0     0.0     0.0     0.0     0.0     0.0     0.0     0.0     0.0     0.0     0.0     0.0     0.0     0.0     0.0     0.0     0.0     0.0     0.0     0.0     0.0     0.0     0.0     0.0     0.0     1.0     0.0     0.0     0.0     1.0
      53     1.0     0.0     0.0     0.0     0.0     0.0     0.0     0.0     0.0     0.0     0.0     0.0     0.0     0.0     0.0     0.0     0.0     0.0     0.0     0.0     0.0     0.0     0.0     0.0     0.0     0.0     0.0     0.0     0.0     0.0     0.0     0.0     0.0     0.0     0.0     0.0     0.0     0.0     0.0     0.0     0.0     0.0     0.0     0.0     0.0     0.0     0.0     0.0     0.0     0.0     0.0     0.0     0.0     0.0     1.0
            20.0     1.0     2.0     1.0     1.0     1.0     1.0     1.0     1.0     1.0     1.0     1.0     1.0     1.0     1.0     1.0     1.0     2.0     1.0     1.0     1.0     1.0     1.0     2.0     2.0     1.0     1.0     1.0     1.0     1.0     2.0     4.0     1.0     1.0     1.0     1.0     2.0     1.0     1.0     1.0     1.0     1.0     1.0     1.0     1.0     1.0     1.0     1.0     1.0     1.0     1.0     1.0     1.0     1.0

Proportions per vehicle k (left axis)
               0       1       2       3       4       5       6       7       8       9      10      11      12      13      14      15      16      17      18      19      20      21      22      23      24      25      26      27      28      29      30      31      32      33      34      35      36      37      38      39      40      41      42      43      44      45      46      47      48      49      50      51      52      53
       0     0.0     0.0     0.0     0.0     0.0     0.0     0.0     0.0     0.0     0.0     0.0     0.0     0.0     0.0     0.0     0.0     0.0     0.7     0.0     0.0     0.0     0.0     0.0     0.0     0.0     0.0     0.0     0.0     0.0     0.0     0.0     0.0     0.0     0.0     0.0     0.0     0.0     0.0     0.0     0.0     0.0     0.0     0.0     0.0     0.0     0.0     0.0     0.0     0.0     0.0     0.0     0.0     0.0     0.0     0.7
       1     0.0     0.0     0.0     0.0     0.0     0.0     0.0     0.0     0.0     0.0     0.0     0.0     0.0     0.0     0.0     0.0     0.0     0.0     0.0     0.0     0.0     0.0     0.0     0.0     0.0     0.0     0.0     0.0     0.0     0.0     0.0     0.2     0.0     0.0     0.0     0.0     0.0     0.0     0.0     0.0     0.0     0.0     0.0     0.0     0.0     0.0     0.0     0.0     0.0     0.0     0.0     0.0     0.0     0.0     0.2
       2     0.0     0.0     0.0     0.0     0.0     0.0     0.0     0.0     0.0     0.0     0.0     0.0     0.0     0.0     0.0     0.0     0.0     0.0     0.0     0.0     0.0     0.0     0.0     0.0     0.0     0.0     0.0     0.0     0.0     0.0     0.0    -0.0     0.0     0.0     0.0     0.0     0.0     0.0     0.0     0.0     0.0     0.0     0.0     0.0     0.0     0.0     0.0     0.0     0.0     0.0     0.0     0.0     0.0     0.0    -0.0
       3     0.0     0.0     0.0     0.0     0.0     0.0     0.0     0.0     0.0     0.0     0.0     0.0     0.0     0.0     0.0     0.0     0.0     0.0     0.0     0.0     0.0     0.0     0.0     0.0     0.0     0.0     0.0     0.0     0.0     0.0     0.0     0.2     0.0     0.0     0.0     0.0     0.0     0.0     0.0     0.0     0.0     0.0     0.0     0.0     0.0     0.0     0.0     0.0     0.0     0.0     0.0     0.0     0.0     0.0     0.2
       4     0.0     0.0     0.0     0.0     0.0     1.0     1.0     0.0     0.0     0.0     0.0     0.0     0.0     0.0     0.0     0.0     0.0     0.0     0.0     0.0     0.0     0.0     0.0     0.0     0.0     0.0     0.0     0.0     0.0     0.0     0.0     0.0     0.0     0.0     0.0     0.0     0.0     0.0     0.0     0.0     0.0     0.0     0.0     0.0     0.0     0.0     0.0     0.0     0.0     0.0     0.0     0.0     0.0     0.0     2.0
       5     0.0     0.0     0.0     0.0     0.0     0.0     0.0     0.0     0.0     0.0     0.0     0.0     0.0     0.0     0.0     0.0     0.0     0.0     0.0     0.0     0.0     0.0     0.0     0.0     0.0     0.0     0.0     0.0     0.0     0.0     0.5     0.0     0.0     0.0     0.0     0.0     0.0     0.0     0.0     0.0     0.0     0.0     0.0     0.0     0.0     0.0     0.0     0.0     0.0     0.0     0.0     0.0     0.0     0.0     0.5
       6     0.0     0.0     0.0     0.0     0.0     0.0     0.0     0.0     0.0     0.0     0.0     0.0     0.0     0.0     0.0     0.0     0.0     0.0     0.0     0.0     0.0     0.0     0.0     0.0     0.0     0.0     0.0     0.0     0.0     0.0     0.5     0.0     0.0     0.0     0.0     0.0     0.0     0.0     0.0     0.0     0.0     0.0     0.0     0.0     0.0     0.0     0.0     0.0     0.0     0.0     0.0     0.0     0.0     0.0     0.5
       7     0.0     0.0     0.0     0.0     0.0     0.0     0.0     0.0     0.0     0.0     0.0     0.0     0.0     0.0     0.0     0.0     0.0     0.0     0.0     0.0     0.0     0.0     0.0     0.0     0.0     0.0     0.0     0.0     0.0     0.0     0.0     0.3     0.0     0.0     0.0     0.0     0.0     0.0     0.0     0.0     0.0     0.0     0.0     0.0     0.0     0.0     0.0     0.0     0.0     0.0     0.0     0.0     0.0     0.0     0.3
       8     0.0     0.0     0.0     0.0     0.0     0.0     0.0     0.0     0.0     0.0     0.0     0.0     0.0     0.0     0.0     0.0     0.0     0.0     0.0     0.0     0.0     0.0     0.0     0.0     0.0     0.0     0.0     0.0     0.0     0.0     0.0     0.2     0.0     0.0     0.0     0.0     0.0     0.0     0.0     0.0     0.0     0.0     0.0     0.0     0.0     0.0     0.0     0.0     0.0     0.0     0.0     0.0     0.0     0.0     0.2
       9     0.0     0.0     0.0     0.0     0.0     0.0     0.0     0.0     0.0     0.0     0.0     0.0     0.0     0.0     0.0     0.0     0.0     0.0     0.0     0.0     0.0     0.0     0.0     0.0     0.0     0.0     0.0     0.0     0.0     0.0     0.0     0.0     0.0     0.0     0.0     0.0     0.0     0.0     0.0     0.0     0.0     0.0     0.0     0.0     0.0     0.0     0.0     0.0     1.0     0.0     0.0     0.0     0.0     0.0     1.0
      10     0.0     0.0     0.6     0.0     0.0     0.0     0.0     0.0     0.0     0.0     0.0     0.0     0.0     0.0     0.0     0.0     0.0     0.0     0.0     0.0     0.0     0.0     0.0     0.0     0.0     0.0     0.0     0.0     0.0     0.0     0.0     0.0     0.0     0.0     0.0     0.0     0.0     0.0     0.0     0.0     0.0     0.0     0.0     0.0     1.0     1.0     1.0     1.0     0.0     0.0     0.0     0.0     0.0     0.0     4.6
      11     0.0     0.0     0.0     0.0     0.0     0.0     0.0     0.0     0.0     0.0     0.0     0.0     0.0     0.0     0.0     0.0     0.0     0.0     0.0     0.0     0.0     0.0     0.0     0.0     0.0     0.0     0.0     0.0     0.0     0.0     0.0     0.0     0.0     0.0     0.0     0.0     0.0     0.0     0.0     0.0     0.0     0.0     0.0     0.0     0.0     0.0     0.0     0.0     0.0     0.0     0.0     0.0     0.0     0.0     0.0
      12     0.0     0.0     0.0     0.0     0.0     0.0     0.0     0.0     0.0     0.0     0.0     0.0     0.0     0.0     0.0     0.0     0.0     0.0     0.0     0.0     0.0     0.0     0.0     0.0     0.0     0.0     0.0     0.0     0.0     0.0     0.0     0.0     0.0     0.0     0.0     0.0     0.0     0.0     0.0     0.0     0.0     0.0     0.0     0.0     0.0     0.0     0.0     0.0     0.0     1.0     1.0     1.0     1.0     1.0     5.0
      13     0.0     0.0     0.0     0.0     0.0     0.0     0.0     0.0     0.0     0.0     0.0     0.0     0.0     0.0     0.0     0.0     0.0     0.0     0.0     0.0     0.0     0.0     0.0     0.0     0.0     0.0     0.0     0.0     0.0     0.0     0.0     0.0     0.0     0.0     0.0     0.0     0.0     1.0     0.0     1.0     1.0     1.0     1.0     1.0     0.0     0.0     0.0     0.0     0.0     0.0     0.0     0.0     0.0     0.0     6.0
      14     0.0     0.0     0.0     0.0     0.0     0.0     0.0     0.0     0.0     0.0     0.0     0.0     0.0     0.0     0.0     0.0     0.0     0.0     0.0     0.0     0.0     0.0     0.0     0.0     0.0     0.0     0.0     0.0     0.0     0.0     0.0     0.0     0.0     0.0     1.0     0.0     0.2     0.0     1.0     0.0     0.0     0.0     0.0     0.0     0.0     0.0     0.0     0.0     0.0     0.0     0.0     0.0     0.0     0.0     2.2
      15     0.0     0.0     0.0     0.0     0.0     0.0     0.0     0.0     0.0     0.0     0.0     0.0     0.0     0.0     0.0     0.0     0.0     0.0     0.0     0.0     0.0     0.0     0.0     0.0     0.8     0.0     0.0     0.0     0.0     1.0     0.0     0.0     1.0     0.0     0.0     0.0     0.0     0.0     0.0     0.0     0.0     0.0     0.0     0.0     0.0     0.0     0.0     0.0     0.0     0.0     0.0     0.0     0.0     0.0     2.8
      16     0.0     0.0     0.0     0.0     0.0     0.0     0.0     0.0     0.0     0.0     0.0     0.0     0.0     0.0     0.0     0.0     0.0     0.0     0.0     0.0     0.0     0.0     0.0     0.0     0.0     0.0     0.0     0.0     0.0     0.0     0.0     0.0     0.0     0.0     0.0     0.0     0.0     0.0     0.0     0.0     0.0     0.0     0.0     0.0     0.0     0.0     0.0     0.0     0.0     0.0     0.0     0.0     0.0     0.0     0.0
      17     0.0     1.0     0.4     1.0     1.0     0.0     0.0     0.0     0.0     0.0     0.0     0.0     0.0     0.0     0.0     0.0     0.0     0.0     0.0     0.0     0.0     0.0     0.0     0.0     0.0     0.0     0.0     0.0     0.0     0.0     0.0     0.0     0.0     0.0     0.0     0.0     0.0     0.0     0.0     0.0     0.0     0.0     0.0     0.0     0.0     0.0     0.0     0.0     0.0     0.0     0.0     0.0     0.0     0.0     3.4
      18     0.0     0.0     0.0     0.0     0.0     0.0     0.0     0.0     0.0     0.0     0.0     0.0     0.0     0.0     0.0     0.0     0.0     0.0     0.0     0.0     0.0     0.0     0.0     0.0     0.0     0.0     0.0     0.0     0.0     0.0     0.0     0.0     0.0     0.0     0.0     0.0     0.0     0.0     0.0     0.0     0.0     0.0     0.0     0.0     0.0     0.0     0.0     0.0     0.0     0.0     0.0     0.0     0.0     0.0     0.0
      19     0.0     0.0     0.0     0.0     0.0     0.0     0.0     0.0     0.0     0.0     0.0     0.0     0.0     0.0     0.0     0.0     0.0     0.0     0.0     0.0     0.0     0.0     0.0     0.0     0.0     0.0     0.0     0.0     0.0     0.0     0.0     0.0     0.0     0.0     0.0     0.0     0.0     0.0     0.0     0.0     0.0     0.0     0.0     0.0     0.0     0.0     0.0     0.0     0.0     0.0     0.0     0.0     0.0     0.0     0.0
      20     0.0     0.0     0.0     0.0     0.0     0.0     0.0     0.0     0.0     0.0     0.0     1.0     1.0     1.0     1.0     1.0     1.0     0.0     0.0     0.0     0.0     0.0     0.0     0.0     0.0     0.0     0.0     0.0     0.0     0.0     0.0     0.0     0.0     0.0     0.0     0.0     0.0     0.0     0.0     0.0     0.0     0.0     0.0     0.0     0.0     0.0     0.0     0.0     0.0     0.0     0.0     0.0     0.0     0.0     6.0
      21     0.0     0.0     0.0     0.0     0.0     0.0     0.0     1.0     1.0     1.0     1.0     0.0     0.0     0.0     0.0     0.0     0.0     0.0     0.0     0.0     0.0     0.0     0.0     0.0     0.0     0.0     0.0     0.0     0.0     0.0     0.0     0.0     0.0     0.0     0.0     0.0     0.0     0.0     0.0     0.0     0.0     0.0     0.0     0.0     0.0     0.0     0.0     0.0     0.0     0.0     0.0     0.0     0.0     0.0     4.0
      22     0.0     0.0     0.0     0.0     0.0     0.0     0.0     0.0     0.0     0.0     0.0     0.0     0.0     0.0     0.0     0.0     0.0     0.3     1.0     1.0     1.0     1.0     0.0     0.0     0.0     0.0     0.0     0.0     0.0     0.0     0.0     0.0     0.0     0.0     0.0     0.0     0.0     0.0     0.0     0.0     0.0     0.0     0.0     0.0     0.0     0.0     0.0     0.0     0.0     0.0     0.0     0.0     0.0     0.0     4.3
      23     0.0     0.0     0.0     0.0     0.0     0.0     0.0     0.0     0.0     0.0     0.0     0.0     0.0     0.0     0.0     0.0     0.0     0.0     0.0     0.0     0.0     0.0     1.0     0.2     0.2     1.0     1.0     1.0     1.0     0.0     0.0     0.0     0.0     0.0     0.0     0.0     0.0     0.0     0.0     0.0     0.0     0.0     0.0     0.0     0.0     0.0     0.0     0.0     0.0     0.0     0.0     0.0     0.0     0.0     5.4
      24     0.0     0.0     0.0     0.0     0.0     0.0     0.0     0.0     0.0     0.0     0.0     0.0     0.0     0.0     0.0     0.0     0.0     0.0     0.0     0.0     0.0     0.0     0.0     0.8     0.0     0.0     0.0     0.0     0.0     0.0     0.0     0.0     0.0     1.0     0.0     1.0     0.8     0.0     0.0     0.0     0.0     0.0     0.0     0.0     0.0     0.0     0.0     0.0     0.0     0.0     0.0     0.0     0.0     0.0     3.5
             0.0     1.0     1.0     1.0     1.0     1.0     1.0     1.0     1.0     1.0     1.0     1.0     1.0     1.0     1.0     1.0     1.0     1.0     1.0     1.0     1.0     1.0     1.0     1.0     1.0     1.0     1.0     1.0     1.0     1.0     1.0     1.0     1.0     1.0     1.0     1.0     1.0     1.0     1.0     1.0     1.0     1.0     1.0     1.0     1.0     1.0     1.0     1.0     1.0     1.0     1.0     1.0     1.0     1.0

Arrival times sorted by node: 

    Node    Time  Demand  Vehicles
       0     0.0       0     all
       1   142.7      40      17
       2    15.0      50      ++
       3   621.0      20      17
       4   255.0      20      17
       5   534.0      10       4
       6   448.0      10       4
       7    30.0      30      21
       8   475.0      40      21
       9   179.0      20      21
      10   278.0      10      21
      11    10.0      10      20
      12   777.0      10      20
      13   169.0      40      20
      14   546.0      20      20
      15   358.0      10      20
      16   449.0      10      20
      17    31.0      30      ++
      18    87.0      40      22
      19   283.0      10      22
      20   700.0      10      22
      21   481.6      30      22
      22   146.1      20      23
      23    16.6      40      ++
      24   359.0      50      ++
      25   541.0      30      23
      26  1001.0      10      23
      27   880.0      10      23
      28   725.0      10      23
      29   286.0      20      15
      30   186.0      40      ++
      31   385.0      80      ++
      32    35.0      40      15
      33   262.0      20      24
      34   171.0      50      14
      35   632.0      10      24
      36   122.4      50      ++
      37   875.0      10      13
      38    12.0      40      14
      39   293.0      20      13
      40   203.0      10      13
      41   109.0      20      13
      42   731.0      10      13
      43    47.0      30      13
      44   369.0      20      10
      45   458.0      20      10
      46   173.0      10      10
      47    85.0      20      10
      48    20.0      10       9
      49   368.0      20      12
      50   144.3      10      12
      51   561.0      30      12
      52    30.0      20      12
      53   726.0      20      12

Arrival times sorted by time: 

    Node    Time  Demand  Vehicles
       0     0.0       0     all
      11    10.0      10      20
      38    12.0      40      14
       2    15.0      50      ++
      23    16.6      40      ++
      48    20.0      10       9
       7    30.0      30      21
      52    30.0      20      12
      17    31.0      30      ++
      32    35.0      40      15
      43    47.0      30      13
      47    85.0      20      10
      18    87.0      40      22
      41   109.0      20      13
      36   122.4      50      ++
       1   142.7      40      17
      50   144.3      10      12
      22   146.1      20      23
      13   169.0      40      20
      34   171.0      50      14
      46   173.0      10      10
       9   179.0      20      21
      30   186.0      40      ++
      40   203.0      10      13
       4   255.0      20      17
      33   262.0      20      24
      10   278.0      10      21
      19   283.0      10      22
      29   286.0      20      15
      39   293.0      20      13
      15   358.0      10      20
      24   359.0      50      ++
      49   368.0      20      12
      44   369.0      20      10
      31   385.0      80      ++
       6   448.0      10       4
      16   449.0      10      20
      45   458.0      20      10
       8   475.0      40      21
      21   481.6      30      22
       5   534.0      10       4
      25   541.0      30      23
      14   546.0      20      20
      51   561.0      30      12
       3   621.0      20      17
      35   632.0      10      24
      20   700.0      10      22
      28   725.0      10      23
      53   726.0      20      12
      42   731.0      10      13
      12   777.0      10      20
      37   875.0      10      13
      27   880.0      10      23
      26  1001.0      10      23

Results: 

Best solution:   48579.74 cost units

Distance traveled:
979.7385599634349

Total number of fixed costs:
47599.99998847323

Number of small vehicles:
8.99999997118308

Number of large vehicles:
11.0