     0     0  939.17070    0  294 1398.36596  939.17070  32.8%     -   24s
     0     0  939.17070    0  294 1398.36596  939.17070  32.8%     -   24s
     0     0  939.17070    0  305 1398.36596  939.17070  32.8%     -   24s
     0     0  975.99368    0  322 1398.36596  975.99368  30.2%     -   26s
     0     0  976.58069    0  291 1398.36596  976.58069  30.2%     -   28s
     0     0  976.58069    0  275 1398.36596  976.58069  30.2%     -   28s
     0     0  980.80255    0  297 1398.36596  980.80255  29.9%     -   30s
     0     0  980.89523    0  335 1398.36596  980.89523  29.9%     -   31s
     0     0  980.97066    0  347 1398.36596  980.97066  29.8%     -   31s
     0     0  981.05106    0  319 1398.36596  981.05106  29.8%     -   31s
     0     0  981.05106    0  302 1398.36596  981.05106  29.8%     -   32s
     0     0  983.66095    0  331 1398.36596  983.66095  29.7%     -   33s
H    0     0                    1355.3691784  983.66095  27.4%     -   33s
     0     0  986.32890    0  386 1355.36918  986.32890  27.2%     -   33s
     0     0  986.48939    0  388 1355.36918  986.48939  27.2%     -   33s
     0     0  986.49170    0  388 1355.36918  986.49170  27.2%     -   34s
     0     0  987.80974    0  393 1355.36918  987.80974  27.1%     -   34s
     0     0  987.83238    0  366 1355.36918  987.83238  27.1%     -   35s
     0     0  988.59282    0  400 1355.36918  988.59282  27.1%     -   35s
     0     0  988.59282    0  376 1355.36918  988.59282  27.1%     -   35s
     0     0  988.59582    0  436 1355.36918  988.59582  27.1%     -   36s
     0     0  988.59582    0  332 1355.36918  988.59582  27.1%     -   40s
H    0     0                    1355.3291905  988.59582  27.1%     -   44s
H    0     2                    1353.6342793  988.59582  27.0%     -   45s
     0     2  988.59582    0  323 1353.63428  988.59582  27.0%     -   45s
    11    16 1001.01681    4  396 1353.63428  996.41812  26.4%   696   50s
H   27    32                    1348.3402870  996.41812  26.1%   630   57s
H   27    32                    1344.9944626  996.41812  25.9%   630   57s
H   28    32                    1339.3010497  996.41812  25.6%   625   57s
    40    45 1026.83361    8  369 1339.30105  996.41812  25.6%   639   61s
H   58    62                    1332.8954990  996.41812  25.2%   626   64s
H   60    62                    1332.5818993  996.41812  25.2%   620   64s
    61    66 1036.03626   13  408 1332.58190  996.41812  25.2%   651   66s
    79    90 1026.40109   16  381 1332.58190  996.41812  25.2%   644   71s
H   90    94                    1323.5939310  996.41812  24.7%   616   73s
H   92    94                    1311.0159586  996.41812  24.0%   622   73s
    93   102 1028.44397   18  396 1311.01596  996.41812  24.0%   634   75s
H  113   118                    1307.2788979  996.41812  23.8%   617   80s
H  116   118                    1298.9719083  996.41812  23.3%   612   80s
H  123   127                    1297.4479460  996.41812  23.2%   599   81s
   136   146 1045.70662   24  348 1297.44795  996.41812  23.2%   593   85s
   173   188 1052.54891   32  426 1297.44795  996.41812  23.2%   553   91s
H  187   193                    1293.1097164  996.41812  22.9%   541   96s
   202   216 1054.38150   37  310 1293.10972  996.41812  22.9%   546  100s
   236   247 1084.99950   48  317 1293.10972  996.41812  22.9%   539  107s
   266   277 1088.63568   57  317 1293.10972  996.41812  22.9%   542  113s
   282   287 1097.11309   59  308 1293.10972  996.41812  22.9%   543  116s
   313   333 1113.37361   72  299 1293.10972  996.41812  22.9%   529  121s
   365   384 1107.21993   85  300 1293.10972  996.41812  22.9%   502  127s
   389   399 1130.28176   93  302 1293.10972  996.41812  22.9%   502  130s
   426   446 1146.40123  102  313 1293.10972  996.41812  22.9%   501  137s
   451   472 1156.76613  107  304 1293.10972  996.41812  22.9%   502  140s
   510   533 1178.11832  119  262 1293.10972  996.41812  22.9%   496  147s
   538   567 1182.48442  126  256 1293.10972  996.41812  22.9%   484  151s
   572   601 1194.53764  135  275 1293.10972  996.41812  22.9%   480  155s
   644   662 1241.79705  163  247 1293.10972  996.41812  22.9%   470  163s
   669   688 1269.45818  170  243 1293.10972  997.44976  22.9%   471  167s
   708   715 1039.36767    5  339 1293.10972  997.44976  22.9%   467  173s
   735   758 1047.43164    7  354 1293.10972  997.44976  22.9%   475  178s
   778   790 1060.05760   14  279 1293.10972  997.44976  22.9%   472  184s
H  785   790                    1293.1096927  997.44976  22.9%   471  184s
   820   833 1111.65959   17  241 1293.10969  997.44976  22.9%   469  189s
H  858   833                    1293.1096913  997.44976  22.9%   467  189s
   863   870 1082.28356   24  290 1293.10969  997.44976  22.9%   468  195s
H  882   870                    1293.1096849  997.44976  22.9%   469  195s
H  902   923                    1293.1096739  997.44976  22.9%   471  200s
H  933   923                    1293.1096642  997.44976  22.9%   471  200s
   955   972 1108.32163   39  335 1293.10966  997.44976  22.9%   466  207s
  1021  1028 1148.67718   53  265 1293.10966  997.44976  22.9%   461  213s
  1091  1063 1151.94458   66  263 1293.10966  997.44976  22.9%   453  223s
  1126  1116 1164.99471   87  237 1293.10966  997.44976  22.9%   447  230s
  1193  1202 1186.69514   99  242 1293.10966  997.44976  22.9%   443  238s
  1282  1203 1079.86900   47  210 1293.10966  997.44976  22.9%   429  243s
  1285  1205 1279.35160  223  210 1293.10966  997.44976  22.9%   428  250s
  1288  1207 1030.05558   31  376 1293.10966  997.44976  22.9%   427  255s
  1296  1212 1059.75436   24  437 1293.10966 1008.80512  22.0%   424  260s
  1305  1218 1086.48056   14  504 1293.10966 1031.13564  20.3%   421  266s
  1310  1222 1046.83488   12  545 1293.10966 1046.83488  19.0%   420  273s
  1312  1223 1111.60210   82  592 1293.10966 1053.05468  18.6%   419  275s
  1322  1230 1079.23159   17  735 1293.10966 1054.14141  18.5%   416  280s
H 1323  1167                    1290.8409906 1058.49368  18.0%   415  284s
  1325  1169 1173.87954   56  591 1290.84099 1062.44346  17.7%   415  285s
H 1327  1111                    1289.5403464 1062.65524  17.6%   414  287s
  1330  1113 1152.03162   60  632 1289.54035 1064.37615  17.5%   413  291s
  1333  1115 1064.84521   26  681 1289.54035 1064.84521  17.4%   412  307s
  1334  1116 1145.80329   98  708 1289.54035 1064.91332  17.4%   412  310s
  1338  1118 1094.68348   10  712 1289.54035 1065.47520  17.4%   411  315s
  1342  1121 1065.57146   18  717 1289.54035 1065.57146  17.4%   410  320s
  1345  1123 1194.68815  136  772 1289.54035 1065.91577  17.3%   409  325s
  1349  1126 1165.70712  117  720 1289.54035 1066.26048  17.3%   407  331s
  1352  1128 1125.29043   45  716 1289.54035 1066.27353  17.3%   406  337s
  1357  1132 1144.49005  122  267 1289.54035 1066.27353  17.3%   440  341s
  1360  1134 1119.19066   34  450 1289.54035 1066.27353  17.3%   439  345s
  1362  1135 1140.73605   45  608 1289.54035 1066.27353  17.3%   439  351s
H 1363  1079                    1287.0914709 1066.27353  17.2%   438  356s
H 1369  1028                    1283.4723209 1066.27353  16.9%   436  358s
  1374  1031 1066.29523   15  684 1283.47232 1066.29523  16.9%   435  361s
H 1374   979                    1282.9544102 1068.32666  16.7%   435  362s
H 1378   933                    1282.9461797 1068.64201  16.7%   434  366s
  1385   938 1279.35160  223  734 1282.94618 1068.78229  16.7%   431  371s
  1390   941 1149.21499   72  764 1282.94618 1069.12196  16.7%   430  376s
H 1390   893                    1272.8535348 1069.12196  16.0%   430  377s
H 1390   848                    1272.3896293 1069.35602  16.0%   430  377s
  1393   850 1083.65673   26  778 1272.38963 1069.50908  15.9%   429  380s
  1397   853 1168.01020   77  776 1272.38963 1069.59376  15.9%   428  387s
  1398   853 1082.41971   45  710 1272.38963 1069.64727  15.9%   427  399s
  1399   854 1157.12733  108  700 1272.38963 1069.64727  15.9%   427  400s
  1400   855 1087.22862   22  700 1272.38963 1070.00527  15.9%   427  420s
H 1400   813                    1270.4171493 1070.00527  15.8%   447  421s
  1401   814 1072.21600   24  695 1270.41715 1070.00527  15.8%   448  444s
  1403   818 1083.05934   25  659 1270.41715 1072.40903  15.6%   450  486s
  1407   820 1088.16935   26  666 1270.41715 1072.87007  15.5%   453  497s
  1411   823 1084.73994   26  637 1270.41715 1074.42233  15.4%   455  503s
  1415   826 1086.21613   27  685 1270.41715 1075.09349  15.4%   459  507s
  1419   828 1097.89078   27  638 1270.41715 1075.15786  15.4%   461  512s
  1423   833 1086.72435   28  627 1270.41715 1078.74904  15.1%   463  519s
H 1429   794                    1269.8992385 1078.77746  15.1%   467  524s
H 1431   754                    1267.8437988 1078.77746  14.9%   468  524s
  1433   760 1091.09025   29  656 1267.84380 1080.58013  14.8%   472  529s
  1439   764 1091.24393   30  662 1267.84380 1080.77395  14.8%   476  534s
  1445   768 1098.39081   31  711 1267.84380 1080.77395  14.8%   481  539s
  1451   777 1101.54113   32  670 1267.84380 1080.77395  14.8%   484  543s
  1462   783 1096.09387   33  680 1267.84380 1080.77395  14.8%   485  548s
  1472   785 1120.72903   34  636 1267.84380 1080.77395  14.8%   488  553s
  1477   793 1095.12670   35  629 1267.84380 1080.77395  14.8%   494  559s
  1487   795 1109.22994   36  639 1267.84380 1080.77395  14.8%   500  563s
  1492   801 1103.27944   36  620 1267.84380 1080.77395  14.8%   503  569s
H 1500   767                    1267.8437715 1080.77395  14.8%   508  573s
  1507   774 1127.45212   38  467 1267.84377 1080.77395  14.8%   511  579s
  1516   782 1106.26954   39  574 1267.84377 1080.77395  14.8%   515  585s
  1527   787 1113.17454   42  519 1267.84377 1080.77395  14.8%   521  591s
  1536   790 1114.21780   43  490 1267.84377 1080.77395  14.8%   527  597s
H 1540   754                    1267.8437465 1080.77395  14.8%   528  597s
H 1540   720                    1267.3258880 1080.77395  14.7%   528  597s
  1542   727 1141.46612   45  451 1267.32589 1080.77395  14.7%   532  604s
  1550   735 1142.44090   46  481 1267.32589 1080.77395  14.7%   541  610s
  1560   744 1142.83822   47  472 1267.32589 1080.77395  14.7%   547  617s
  1573   749 1144.15068   49  465 1267.32589 1080.77395  14.7%   552  624s
  1582   760 1181.96273   50  468 1267.32589 1080.77395  14.7%   555  631s
  1596   771 1171.39581   51  439 1267.32589 1080.77395  14.7%   562  638s
  1612   780 1173.00792   52  433 1267.32589 1080.77395  14.7%   566  646s
  1626   794 1204.02173   54  364 1267.32589 1080.77395  14.7%   572  655s
  1645   810 1175.62345   57  408 1267.32589 1080.77395  14.7%   576  663s
  1667   825 1177.54669   59  311 1267.32589 1080.77395  14.7%   579  671s
  1689   839 1177.98198   62  359 1267.32589 1080.77395  14.7%   583  679s
H 1705   802                    1266.0676436 1080.77395  14.6%   586  679s
  1711   819 1197.92821   64  319 1266.06764 1080.77395  14.6%   589  688s
  1730   836 1182.10281   67  417 1266.06764 1080.77395  14.6%   596  697s
  1753   850 1230.22810   69  368 1266.06764 1080.77395  14.6%   602  706s
  1775   854 1185.81414   72  412 1266.06764 1080.77395  14.6%   608  716s
H 1778   823                    1266.0676301 1080.77395  14.6%   609  716s
H 1780   793                    1265.8023871 1080.77395  14.6%   609  716s
  1786   818 1186.06226   73  384 1265.80239 1080.77395  14.6%   609  725s
  1813   836 1191.20265   77  409 1265.80239 1080.77395  14.6%   616  736s
  1842   861 1208.32460   81  379 1265.80239 1080.77395  14.6%   622  748s
  1877   892 1205.75864   85  413 1265.80239 1080.77395  14.6%   625  758s
  1919   908 1210.80906   90  341 1265.80239 1080.77395  14.6%   627  769s
  1949   945 1219.64584   94  392 1265.80239 1080.77395  14.6%   630  781s
  1996   977 1230.57410   99  278 1265.80239 1080.77395  14.6%   632  793s
  2047  1004 1235.55036  106  270 1265.80239 1080.77395  14.6%   634  805s
  2107  1039 1236.80026  121  353 1265.80239 1080.77395  14.6%   636  818s
  2186  1062     cutoff  136      1265.80239 1080.77395  14.6%   633  828s
  2287  1051 1258.59733  156  312 1265.80239 1080.81333  14.6%   626  844s
  2333  1059 1106.04490   29  685 1265.80239 1080.81333  14.6%   632  857s
  2376  1064 1109.48118   30  693 1265.80239 1080.81333  14.6%   639  871s
  2410  1071 1122.54210   33  696 1265.80239 1080.81333  14.6%   646  885s
H 2413  1043                    1265.8023804 1080.81333  14.6%   647  885s
  2436  1061 1123.62892   34  654 1265.80238 1080.81333  14.6%   653  899s
  2472  1076 1131.42260   39  636 1265.80238 1080.81333  14.6%   659  913s
H 2499  1040                    1265.8023799 1080.81333  14.6%   662  913s
H 2506  1014                    1265.8023747 1080.81333  14.6%   663  913s
  2513  1041 1142.49676   43  633 1265.80237 1080.81333  14.6%   665  928s
  2550  1045 1148.13966   47  618 1265.80237 1080.81333  14.6%   674  944s
  2592  1067 1160.05546   51  469 1265.80237 1080.81333  14.6%   679  962s
  2636  1101 1175.26160   70  395 1265.80237 1080.81333  14.6%   684  978s
  2684  1137 1194.90510   79  398 1265.80237 1080.81333  14.6%   688  996s
  2736  1179 1202.08154   87  433 1265.80237 1080.81333  14.6%   690 1014s
  2808  1225 1216.17216  103  366 1265.80237 1080.81333  14.6%   695 1035s
  2874  1333 1227.67521  122  387 1265.80237 1080.81333  14.6%   696 1056s
  3004  1431 1241.74856  148  441 1265.80237 1080.81333  14.6%   685 1078s
  3123  1475 1254.67105  184  331 1265.80237 1084.34936  14.3%   682 1100s
  3191  1529 1116.61762   30  431 1265.80237 1085.40263  14.3%   687 1122s
  3245  1570 1178.39815   43  446 1265.80237 1085.40263  14.3%   693 1140s
H 3259  1570                    1265.8023680 1085.40263  14.3%   692 1140s
  3286  1647 1198.09848   56  403 1265.80237 1085.84707  14.2%   693 1164s
  3372  1733 1158.65752   33  667 1265.80237 1085.84707  14.2%   698 1191s
H 3373  1733                    1265.8023669 1085.84707  14.2%   698 1191s
H 3415  1733                    1265.8023618 1085.84707  14.2%   699 1191s
  3458  1859 1193.04101   39  578 1265.80236 1085.84707  14.2%   699 1219s
  3597  1981 1253.92586   63  494 1265.80236 1086.15230  14.2%   694 1247s
  3744  2056 1129.11989   37  678 1265.80236 1086.27607  14.2%   691 1279s
  3831  2179 1177.92398   48  631 1265.80236 1086.27607  14.2%   694 1309s
  3964  2323 1202.75746   68  497 1265.80236 1086.27607  14.2%   692 1342s
  4119  2441 1252.99112  115  507 1265.80236 1086.29197  14.2%   689 1375s
  4261  2513 1173.03141   39  498 1265.80236 1086.29197  14.2%   691 1407s
  4345  2622 1220.25307   80  490 1265.80236 1086.29197  14.2%   698 1441s
H 4455  2692                    1265.8023608 1086.29197  14.2%   701 1477s
H 4525  2692                    1265.8023540 1087.03302  14.1%   701 1477s
  4540  2838 1136.98196   40  612 1265.80235 1087.23395  14.1%   703 1512s
H 4552  2838                    1265.8023502 1087.23395  14.1%   703 1512s
  4703  2988 1142.35899   36  579 1265.80235 1087.32761  14.1%   702 1551s
  4894  3136 1162.58375   35  593 1265.80235 1087.65859  14.1%   700 1591s
  5090  3239 1118.35354   33  600 1265.80235 1087.65859  14.1%   694 1630s
  5256  3318 1205.99883   51  479 1265.80235 1088.49118  14.0%   691 1677s
  5360  3463 1132.68707   36  550 1265.80235 1088.51926  14.0%   700 1721s
  5535  3528 1106.77217   34  710 1265.80235 1088.55481  14.0%   699 1764s
  5612  3632 1140.27911   38  656 1265.80235 1088.55481  14.0%   705 1800s

Cutting planes:
  Gomory: 121
  Implied bound: 72
  Projected implied bound: 7
  Clique: 26
  MIR: 131
  Flow cover: 206
  Mod-K: 1
  RLT: 27
  Relax-and-lift: 5

Explored 5734 nodes (4083056 simplex iterations) in 1800.06 seconds (1894.08 work units)
Thread count was 8 (of 8 available processors)

Solution count 10: 1265.8 1265.8 1265.8 ... 1272.85

Time limit reached
Best objective 1.265802350294e+03, best bound 1.088554813728e+03, gap 14.0028%

--------------------------------------------------------------------


No feasible solution found

READY

Distance matrix:
               0       1       2       3       4       5       6       7       8       9      10      11      12      13      14      15      16      17      18      19      20      21      22      23      24      25      26      27      28      29      30      31      32      33      34      35      36      37      38      39      40      41      42      43      44      45      46      47      48      49      50      51      52      53
       0     0.0    16.1    15.1    19.0    18.1    20.1    19.6    30.8    40.3    35.4    39.1    10.0    13.0    15.1    17.7    20.0    20.6    31.6    33.5    38.1    35.4    41.2    19.3    16.6    21.5    22.4    19.2    22.8    25.0    45.2     2.0     1.0    35.0    18.0    14.1    21.5    12.8    16.6    12.2    57.0    52.2    50.3    51.1    47.4    35.4    31.0    26.5    25.5    20.6    44.2    36.1    40.3    30.8    38.1  1441.6
       1    16.1     0.0     1.0     3.6     4.5     5.7     7.6    21.9    29.1    28.5    30.4    20.0    17.8    22.0    22.0    27.2    24.6    41.2    42.8    48.3    42.5    49.4    35.2    32.3    37.4    37.9    34.0    37.6    39.8    61.0    16.0    15.1    51.0    32.0    27.2    36.5    26.7    31.4    26.5    61.4    57.1    55.5    57.6    53.0    34.8    29.1    26.4    25.5    21.1    31.4    22.8    26.2    18.4    23.0  1627.1
       2    15.1     1.0     0.0     4.5     5.0     6.4     8.1    22.4    29.7    28.8    30.9    19.2    17.2    21.4    21.5    26.6    24.2    40.6    42.2    47.6    42.1    48.9    34.2    31.3    36.4    37.0    33.1    36.7    38.9    60.0    15.0    14.1    50.0    31.0    26.2    35.5    25.7    30.4    25.5    60.9    56.6    54.9    57.0    52.4    34.5    28.9    26.0    25.1    20.6    32.0    23.4    26.9    18.9    23.9  1606.5
       3    19.0     3.6     4.5     0.0     2.2     2.2     5.0    19.0    25.6    25.7    27.3    21.5    18.4    22.7    22.0    27.6    24.4    41.7    43.2    48.8    42.4    49.4    37.7    34.7    39.8    40.3    36.1    39.6    41.8    64.1    19.1    18.0    54.0    35.4    30.7    39.8    30.1    34.7    29.8    64.7    60.5    58.8    61.1    56.4    37.7    32.0    29.5    28.7    24.4    31.4    22.8    25.6    19.0    21.9  1696.3
       4    18.1     4.5     5.0     2.2     0.0     2.0     3.2    17.5    24.8    24.0    25.9    19.7    16.4    20.6    19.8    25.5    22.2    39.6    41.0    46.7    40.2    47.2    36.3    33.4    38.5    38.8    34.5    37.9    40.2    63.3    18.4    17.1    53.0    35.1    30.5    39.3    29.7    34.2    29.4    65.9    61.6    59.9    62.0    57.4    39.2    33.5    30.9    30.0    25.6    33.6    25.1    27.8    21.2    24.0  1673.5
       5    20.1     5.7     6.4     2.2     2.0     0.0     3.2    16.8    23.4    23.5    25.1    21.5    18.0    22.2    21.2    26.9    23.4    41.0    42.4    48.1    41.4    48.4    38.3    35.4    40.4    40.8    36.4    39.8    42.1    65.3    20.4    19.1    55.0    37.0    32.3    41.2    31.6    36.1    31.3    66.9    62.7    61.0    63.3    58.6    39.9    34.2    31.8    30.9    26.6    32.6    24.2    26.6    20.6    22.7  1728.3
       6    19.6     7.6     8.1     5.0     3.2     3.2     0.0    14.3    21.9    20.9    22.8    19.6    15.7    19.7    18.4    24.2    20.5    38.3    39.6    45.3    38.4    45.5    37.1    34.1    39.1    39.3    34.7    38.1    40.3    64.6    20.2    18.7    54.2    37.2    32.6    41.1    31.8    36.1    31.4    69.0    64.7    63.0    65.0    60.5    42.4    36.7    34.0    33.1    28.7    35.8    27.3    29.7    23.8    25.6  1721.5
       7    30.8    21.9    22.4    19.0    17.5    16.8    14.3     0.0    10.2     7.0     8.6    26.2    20.9    23.2    20.0    25.1    20.1    37.0    37.7    43.5    34.5    41.3    44.4    41.5    46.1    45.7    40.4    43.2    45.1    73.4    32.0    30.0    62.6    48.8    44.8    52.0    43.6    47.2    43.0    83.2    78.9    77.2    79.1    74.6    56.6    50.9    48.3    47.4    42.9    46.1    38.3    39.3    36.0    34.5  2115.2
       8    40.3    29.1    29.7    25.6    24.8    23.4    21.9    10.2     0.0    11.2     7.1    36.4    31.0    33.4    30.1    35.0    30.0    46.1    46.6    52.2    42.7    49.2    54.6    51.7    56.3    55.9    50.6    53.3    55.2    83.5    41.3    39.4    72.8    58.3    54.1    61.7    53.0    56.8    52.5    90.1    86.0    84.4    86.7    82.0    62.6    56.8    54.9    54.1    50.0    47.0    40.3    40.0    39.3    35.0  2516.6
       9    35.4    28.5    28.8    25.7    24.0    23.5    20.9     7.0    11.2     0.0     5.0    29.2    23.9    25.1    21.5    25.5    20.6    35.4    35.7    41.2    31.6    38.1    46.6    43.9    48.1    47.4    42.1    44.4    46.1    75.8    36.8    34.7    65.0    53.2    49.5    55.8    48.1    51.2    47.4    89.4    85.0    83.2    84.9    80.6    63.2    57.6    54.8    53.9    49.2    53.0    45.3    46.1    43.0    41.2  2304.1
      10    39.1    30.4    30.9    27.3    25.9    25.1    22.8     8.6     7.1     5.0     0.0    33.5    28.2    29.7    26.2    30.4    25.5    40.3    40.6    46.1    36.4    42.7    51.3    48.5    52.8    52.2    46.8    49.2    51.0    80.4    40.4    38.3    69.6    57.0    53.2    59.9    51.9    55.2    51.2    91.8    87.5    85.8    87.7    83.2    65.0    59.2    56.8    55.9    51.5    52.2    45.0    45.3    43.3    40.3  2461.2
      11    10.0    20.0    19.2    21.5    19.7    21.5    19.6    26.2    36.4    29.2    33.5     0.0     5.4     5.4     8.6    10.0    11.2    22.4    24.2    29.2    25.5    31.6    18.2    15.3    20.1    20.0    15.1    18.4    20.6    47.1    12.0    10.0    36.4    25.0    22.4    26.9    20.6    22.7    19.7    66.7    61.8    59.9    60.4    57.0    45.3    40.8    36.3    35.4    30.4    50.9    42.4    46.1    37.5    43.0  1515.0
      12    13.0    17.8    17.2    18.4    16.4    18.0    15.7    20.9    31.0    23.9    28.2     5.4     0.0     4.2     5.0     9.4     8.0    23.4    25.0    30.5    25.1    31.8    23.5    20.6    25.3    25.1    20.0    23.1    25.2    52.5    14.9    12.6    41.8    29.7    26.6    32.0    25.0    27.6    24.2    69.9    65.1    63.2    64.1    60.4    47.0    42.1    38.0    37.0    32.0    49.2    40.6    43.9    36.1    40.4  1567.1
      13    15.1    22.0    21.4    22.7    20.6    22.2    19.7    23.2    33.4    25.1    29.7     5.4     4.2     0.0     3.6     5.4     5.8    19.2    20.8    26.2    21.2    27.7    21.5    18.8    23.1    22.6    17.3    20.0    22.0    50.7    17.1    15.0    39.9    30.2    27.7    31.8    25.9    27.8    25.1    72.0    67.2    65.3    65.8    62.4    50.1    45.4    41.1    40.1    35.1    53.4    44.8    48.1    40.2    44.6  1607.0
      14    17.7    22.0    21.5    22.0    19.8    21.2    18.4    20.0    30.1    21.5    26.2     8.6     5.0     3.6     0.0     5.8     3.0    19.8    21.2    26.9    20.6    27.5    25.1    22.4    26.6    26.0    20.6    23.2    25.1    54.2    19.6    17.5    43.5    33.6    30.9    35.4    29.2    31.2    28.3    74.7    69.9    68.0    68.7    65.1    52.0    47.1    43.0    42.0    37.0    53.3    44.7    47.6    40.3    43.9  1672.2
      15    20.0    27.2    26.6    27.6    25.5    26.9    24.2    25.1    35.0    25.5    30.4    10.0     9.4     5.4     5.8     0.0     5.0    14.1    15.6    21.2    15.8    22.4    22.2    19.8    23.3    22.4    17.0    19.0    20.6    51.0    22.0    20.0    40.3    33.5    31.6    34.4    29.7    30.9    28.8    76.5    71.6    69.6    69.9    66.7    55.2    50.6    46.3    45.3    40.3    58.6    50.0    53.2    45.5    49.5  1734.2
      16    20.6    24.6    24.2    24.4    22.2    23.4    20.5    20.1    30.0    20.6    25.5    11.2     8.0     5.8     3.0     5.0     0.0    18.0    19.2    25.0    18.0    25.0    26.4    23.9    27.7    26.9    21.5    23.8    25.5    55.5    22.6    20.4    44.7    36.1    33.5    37.5    31.8    33.6    30.9    77.6    72.8    70.9    71.5    68.0    55.0    50.1    46.0    45.0    40.0    55.8    47.2    50.0    42.9    46.1  1755.6
      17    31.6    41.2    40.6    41.7    39.6    41.0    38.3    37.0    46.1    35.4    40.3    22.4    23.4    19.2    19.8    14.1    18.0     0.0     2.0     7.1     7.1    10.0    24.4    23.5    24.2    22.4    18.7    17.9    18.0    48.8    33.5    32.0    39.1    40.3    40.0    39.3    38.0    37.3    37.0    85.1    80.2    78.2    77.6    75.2    66.7    62.6    58.0    57.0    52.2    72.6    64.0    67.3    59.4    63.6  2130.1
      18    33.5    42.8    42.2    43.2    41.0    42.4    39.6    37.7    46.6    35.7    40.6    24.2    25.0    20.8    21.2    15.6    19.2     2.0     0.0     5.8     5.8     8.0    26.2    25.5    26.0    24.2    20.6    19.7    19.7    50.2    35.4    33.8    40.6    42.3    42.0    41.2    40.0    39.3    39.0    87.1    82.2    80.2    79.6    77.2    68.7    64.6    59.9    58.9    54.1    74.2    65.6    68.8    61.0    65.1  2206.0
      19    38.1    48.3    47.6    48.8    46.7    48.1    45.3    43.5    52.2    41.2    46.1    29.2    30.5    26.2    26.9    21.2    25.0     7.1     5.8     0.0    10.0     7.1    28.2    28.0    27.5    25.5    23.0    21.2    20.6    49.2    39.9    38.5    40.3    45.0    45.3    43.3    43.3    42.0    42.3    90.0    85.0    83.0    82.2    80.0    72.8    68.9    64.2    63.2    58.5    79.6    71.1    74.3    66.4    70.7  2407.9
      20    35.4    42.5    42.1    42.4    40.2    41.4    38.4    34.5    42.7    31.6    36.4    25.5    25.1    21.2    20.6    15.8    18.0     7.1     5.8    10.0     0.0     7.1    30.9    29.7    30.9    29.2    25.1    24.7    25.0    55.9    37.3    35.5    46.1    46.1    45.3    45.5    43.3    43.2    42.3    90.6    85.6    83.6    83.4    80.6    70.7    66.3    61.8    60.8    55.9    73.8    65.2    68.0    60.9    64.0  2290.9
      21    41.2    49.4    48.9    49.4    47.2    48.4    45.5    41.3    49.2    38.1    42.7    31.6    31.8    27.7    27.5    22.4    25.0    10.0     8.0     7.1     7.1     0.0    34.0    33.4    33.5    31.6    28.4    27.2    26.9    56.2    43.2    41.5    47.2    50.2    50.0    49.0    48.0    47.3    47.0    95.1    90.1    88.1    87.6    85.1    76.5    72.3    67.7    66.7    61.8    80.7    72.1    75.0    67.7    71.1  2551.9
      22    19.3    35.2    34.2    37.7    36.3    38.3    37.1    44.4    54.6    46.6    51.3    18.2    23.5    21.5    25.1    22.2    26.4    24.4    26.2    28.2    30.9    34.0     0.0     3.0     2.2     3.6     5.8     7.0     8.2    29.2    20.1    20.2    18.4    17.3    18.8    15.1    17.0    14.3    16.1    62.1    57.1    55.1    54.0    52.1    47.9    45.2    40.2    39.4    35.5    63.0    55.1    59.5    49.7    57.4  1705.2
      23    16.6    32.3    31.3    34.7    33.4    35.4    34.1    41.5    51.7    43.9    48.5    15.3    20.6    18.8    22.4    19.8    23.9    23.5    25.5    28.0    29.7    33.4     3.0     0.0     5.1     5.8     5.0     7.6     9.4    32.0    17.5    17.5    21.2    17.0    17.7    15.8    15.8    14.0    14.9    62.0    57.0    55.0    54.2    52.0    46.5    43.6    38.6    37.7    33.6    60.5    52.5    56.8    47.2    54.6  1635.1
      24    21.5    37.4    36.4    39.8    38.5    40.4    39.1    46.1    56.3    48.1    52.8    20.1    25.3    23.1    26.6    23.3    27.7    24.2    26.0    27.5    30.9    33.5     2.2     5.1     0.0     2.0     6.4     6.3     7.0    27.7    22.4    22.5    17.0    18.7    20.6    16.0    18.9    15.8    18.0    63.2    58.2    56.2    55.0    53.2    49.7    47.2    42.2    41.4    37.5    65.2    57.3    61.7    52.0    59.6  1771.0
      25    22.4    37.9    37.0    40.3    38.8    40.8    39.3    45.7    55.9    47.4    52.2    20.0    25.1    22.6    26.0    22.4    26.9    22.4    24.2    25.5    29.2    31.6     3.6     5.8     2.0     0.0     5.4     4.5     5.0    28.7    23.3    23.3    18.0    20.6    22.4    18.0    20.6    17.7    19.7    65.2    60.2    58.2    57.0    55.2    51.5    48.8    43.8    43.0    39.1    66.3    58.3    62.6    53.0    60.4  1794.7
      26    19.2    34.0    33.1    36.1    34.5    36.4    34.7    40.4    50.6    42.1    46.8    15.1    20.0    17.3    20.6    17.0    21.5    18.7    20.6    23.0    25.1    28.4     5.8     5.0     6.4     5.4     0.0     3.6     5.8    34.0    20.5    20.0    23.3    22.0    22.6    20.6    20.6    19.0    19.6    67.0    62.0    60.0    59.2    57.0    51.1    47.9    42.9    42.1    37.7    63.4    55.2    59.4    50.0    56.8  1701.4
      27    22.8    37.6    36.7    39.6    37.9    39.8    38.1    43.2    53.3    44.4    49.2    18.4    23.1    20.0    23.2    19.0    23.8    17.9    19.7    21.2    24.7    27.2     7.0     7.6     6.3     4.5     3.6     0.0     2.2    32.4    24.1    23.6    22.0    24.2    25.3    22.1    23.4    21.2    22.5    69.1    64.1    62.1    61.0    59.1    54.1    51.1    46.1    45.3    41.0    67.0    58.8    63.0    53.6    60.4  1808.7
      28    25.0    39.8    38.9    41.8    40.2    42.1    40.3    45.1    55.2    46.1    51.0    20.6    25.2    22.0    25.1    20.6    25.5    18.0    19.7    20.6    25.0    26.9     8.2     9.4     7.0     5.0     5.8     2.2     0.0    31.4    26.2    25.8    21.2    25.5    26.9    23.0    25.1    22.6    24.2    70.2    65.2    63.2    62.0    60.2    55.9    53.0    48.0    47.2    43.0    69.2    61.0    65.2    55.8    62.6  1886.1
      29    45.2    61.0    60.0    64.1    63.3    65.3    64.6    73.4    83.5    75.8    80.4    47.1    52.5    50.7    54.2    51.0    55.5    48.8    50.2    49.2    55.9    56.2    29.2    32.0    27.7    28.7    34.0    32.4    31.4     0.0    45.0    46.2    10.8    30.6    35.5    25.3    35.2    30.1    35.1    59.2    54.9    53.3    49.7    50.8    58.8    59.0    54.6    54.2    52.5    83.2    76.7    81.6    71.4    80.8  2758.0
      30     2.0    16.0    15.0    19.1    18.4    20.4    20.2    32.0    41.3    36.8    40.4    12.0    14.9    17.1    19.6    22.0    22.6    33.5    35.4    39.9    37.3    43.2    20.1    17.5    22.4    23.3    20.5    24.1    26.2    45.0     0.0     2.2    35.1    17.0    12.8    20.9    11.7    15.8    11.2    55.1    50.3    48.4    49.2    45.5    33.4    29.1    24.5    23.5    18.7    43.0    35.0    39.4    29.7    37.3  1447.3
      31     1.0    15.1    14.1    18.0    17.1    19.1    18.7    30.0    39.4    34.7    38.3    10.0    12.6    15.0    17.5    20.0    20.4    32.0    33.8    38.5    35.5    41.5    20.2    17.5    22.5    23.3    20.0    23.6    25.8    46.2     2.2     0.0    36.0    18.9    14.9    22.5    13.6    17.5    13.0    57.3    52.5    50.6    51.5    47.8    35.2    30.8    26.3    25.3    20.4    43.4    35.2    39.4    30.0    37.2  1442.9
      32    35.0    51.0    50.0    54.0    53.0    55.0    54.2    62.6    72.8    65.0    69.6    36.4    41.8    39.9    43.5    40.3    44.7    39.1    40.6    40.3    46.1    47.2    18.4    21.2    17.0    18.0    23.3    22.0    21.2    10.8    35.1    36.0     0.0    22.4    26.9    17.0    26.2    21.2    26.0    58.5    53.9    52.0    49.3    49.2    53.2    52.4    47.7    47.2    44.7    75.0    68.0    72.8    62.6    71.6  2303.2
      33    18.0    32.0    31.0    35.4    35.1    37.0    37.2    48.8    58.3    53.2    57.0    25.0    29.7    30.2    33.6    33.5    36.1    40.3    42.3    45.0    46.1    50.2    17.3    17.0    18.7    20.6    22.0    24.2    25.5    30.6    17.0    18.9    22.4     0.0     5.0     5.4     5.4     3.0     5.8    45.0    40.0    38.0    37.3    35.0    32.0    30.5    25.6    25.0    22.4    52.8    46.1    51.0    40.8    50.2  1685.6
      34    14.1    27.2    26.2    30.7    30.5    32.3    32.6    44.8    54.1    49.5    53.2    22.4    26.6    27.7    30.9    31.6    33.5    40.0    42.0    45.3    45.3    50.0    18.8    17.7    20.6    22.4    22.6    25.3    26.9    35.5    12.8    14.9    26.9     5.0     0.0    10.2     2.0     5.8     3.0    45.3    40.3    38.3    38.3    35.4    29.2    26.9    21.9    21.2    18.0    48.1    41.2    46.1    35.9    45.3  1592.4
      35    21.5    36.5    35.5    39.8    39.3    41.2    41.1    52.0    61.7    55.8    59.9    26.9    32.0    31.8    35.4    34.4    37.5    39.3    41.2    43.3    45.5    49.0    15.1    15.8    16.0    18.0    20.6    22.1    23.0    25.3    20.9    22.5    17.0     5.4    10.2     0.0    10.0     5.1    10.0    47.3    42.3    40.3    39.0    37.3    36.8    35.6    30.8    30.2    27.7    58.2    51.4    56.3    46.1    55.4  1792.7
      36    12.8    26.7    25.7    30.1    29.7    31.6    31.8    43.6    53.0    48.1    51.9    20.6    25.0    25.9    29.2    29.7    31.8    38.0    40.0    43.3    43.3    48.0    17.0    15.8    18.9    20.6    20.6    23.4    25.1    35.2    11.7    13.6    26.2     5.4     2.0    10.0     0.0     5.1     1.0    47.3    42.3    40.3    40.3    37.3    30.9    28.4    23.4    22.7    19.2    48.8    41.8    46.6    36.4    45.5  1562.6
      37    16.6    31.4    30.4    34.7    34.2    36.1    36.1    47.2    56.8    51.2    55.2    22.7    27.6    27.8    31.2    30.9    33.6    37.3    39.3    42.0    43.2    47.3    14.3    14.0    15.8    17.7    19.0    21.2    22.6    30.1    15.8    17.5    21.2     3.0     5.8     5.1     5.1     0.0     5.0    48.0    43.0    41.0    40.3    38.0    34.4    32.5    27.6    26.9    23.9    53.9    46.8    51.7    41.5    50.6  1646.1
      38    12.2    26.5    25.5    29.8    29.4    31.3    31.4    43.0    52.5    47.4    51.2    19.7    24.2    25.1    28.3    28.8    30.9    37.0    39.0    42.3    42.3    47.0    16.1    14.9    18.0    19.7    19.6    22.5    24.2    35.1    11.2    13.0    26.0     5.8     3.0    10.0     1.0     5.0     0.0    48.3    43.3    41.3    41.2    38.3    31.8    29.2    24.2    23.4    19.8    49.2    42.1    46.8    36.7    45.7  1551.5
      39    57.0    61.4    60.9    64.7    65.9    66.9    69.0    83.2    90.1    89.4    91.8    66.7    69.9    72.0    74.7    76.5    77.6    85.1    87.1    90.0    90.6    95.1    62.1    62.0    63.2    65.2    67.0    69.1    70.2    59.2    55.1    57.3    58.5    45.0    45.3    47.3    47.3    48.0    48.3     0.0     5.0     7.0     9.4    10.0    28.3    34.0    35.2    36.1    40.3    57.3    57.0    61.0    54.5    64.0  3154.7
      40    52.2    57.1    56.6    60.5    61.6    62.7    64.7    78.9    86.0    85.0    87.5    61.8    65.1    67.2    69.9    71.6    72.8    80.2    82.2    85.0    85.6    90.1    57.1    57.0    58.2    60.2    62.0    64.1    65.2    54.9    50.3    52.5    53.9    40.0    40.3    42.3    42.3    43.0    43.3     5.0     0.0     2.0     5.8     5.0    25.0    30.5    31.2    32.0    36.1    55.0    54.1    58.3    51.2    61.0  2923.1
      41    50.3    55.5    54.9    58.8    59.9    61.0    63.0    77.2    84.4    83.2    85.8    59.9    63.2    65.3    68.0    69.6    70.9    78.2    80.2    83.0    83.6    88.1    55.1    55.0    56.2    58.2    60.0    62.1    63.2    53.3    48.4    50.6    52.0    38.0    38.3    40.3    40.3    41.0    41.3     7.0     2.0     0.0     5.1     3.0    23.9    29.2    29.7    30.5    34.4    54.2    53.0    57.3    50.0    59.9  2836.5
      42    51.1    57.6    57.0    61.1    62.0    63.3    65.0    79.1    86.7    84.9    87.7    60.4    64.1    65.8    68.7    69.9    71.5    77.6    79.6    82.2    83.4    87.6    54.0    54.2    55.0    57.0    59.2    61.0    62.0    49.7    49.2    51.5    49.3    37.3    38.3    39.0    40.3    40.3    41.2     9.4     5.8     5.1     0.0     5.4    27.7    32.8    32.6    33.3    36.8    58.5    56.8    61.3    53.5    63.6  2887.7
      43    47.4    53.0    52.4    56.4    57.4    58.6    60.5    74.6    82.0    80.6    83.2    57.0    60.4    62.4    65.1    66.7    68.0    75.2    77.2    80.0    80.6    85.1    52.1    52.0    53.2    55.2    57.0    59.1    60.2    50.8    45.5    47.8    49.2    35.0    35.4    37.3    37.3    38.0    38.3    10.0     5.0     3.0     5.4     0.0    22.4    27.5    27.6    28.3    32.0    53.1    51.5    55.9    48.3    58.3  2715.7
      44    35.4    34.8    34.5    37.7    39.2    39.9    42.4    56.6    62.6    63.2    65.0    45.3    47.0    50.1    52.0    55.2    55.0    66.7    68.7    72.8    70.7    76.5    47.9    46.5    49.7    51.5    51.1    54.1    55.9    58.8    33.4    35.2    53.2    32.0    29.2    36.8    30.9    34.4    31.8    28.3    25.0    23.9    27.7    22.4     0.0     5.8     9.0    10.0    15.0    31.0    29.2    33.5    26.2    36.1  2226.8
      45    31.0    29.1    28.9    32.0    33.5    34.2    36.7    50.9    56.8    57.6    59.2    40.8    42.1    45.4    47.1    50.6    50.1    62.6    64.6    68.9    66.3    72.3    45.2    43.6    47.2    48.8    47.9    51.1    53.0    59.0    29.1    30.8    52.4    30.5    26.9    35.6    28.4    32.5    29.2    34.0    30.5    29.2    32.8    27.5     5.8     0.0     5.0     5.8    10.4    27.2    24.2    28.8    20.8    30.9  2064.9
      46    26.5    26.4    26.0    29.5    30.9    31.8    34.0    48.3    54.9    54.8    56.8    36.3    38.0    41.1    43.0    46.3    46.0    58.0    59.9    64.2    61.8    67.7    40.2    38.6    42.2    43.8    42.9    46.1    48.0    54.6    24.5    26.3    47.7    25.6    21.9    30.8    23.4    27.6    24.2    35.2    31.2    29.7    32.6    27.6     9.0     5.0     0.0     1.0     6.0    30.0    25.7    30.6    21.5    32.0  1908.1
      47    25.5    25.5    25.1    28.7    30.0    30.9    33.1    47.4    54.1    53.9    55.9    35.4    37.0    40.1    42.0    45.3    45.0    57.0    58.9    63.2    60.8    66.7    39.4    37.7    41.4    43.0    42.1    45.3    47.2    54.2    23.5    25.3    47.2    25.0    21.2    30.2    22.7    26.9    23.4    36.1    32.0    30.5    33.3    28.3    10.0     5.8     1.0     0.0     5.0    30.1    25.5    30.4    21.2    31.6  1877.9
      48    20.6    21.1    20.6    24.4    25.6    26.6    28.7    42.9    50.0    49.2    51.5    30.4    32.0    35.1    37.0    40.3    40.0    52.2    54.1    58.5    55.9    61.8    35.5    33.6    37.5    39.1    37.7    41.0    43.0    52.5    18.7    20.4    44.7    22.4    18.0    27.7    19.2    23.9    19.8    40.3    36.1    34.4    36.8    32.0    15.0    10.4     6.0     5.0     0.0    30.8    25.0    30.0    20.1    30.4  1745.8
      49    44.2    31.4    32.0    31.4    33.6    32.6    35.8    46.1    47.0    53.0    52.2    50.9    49.2    53.4    53.3    58.6    55.8    72.6    74.2    79.6    73.8    80.7    63.0    60.5    65.2    66.3    63.4    67.0    69.2    83.2    43.0    43.4    75.0    52.8    48.1    58.2    48.8    53.9    49.2    57.3    55.0    54.2    58.5    53.1    31.0    27.2    30.0    30.1    30.8     0.0     8.6     7.0    13.5    12.0  2620.1
      50    36.1    22.8    23.4    22.8    25.1    24.2    27.3    38.3    40.3    45.3    45.0    42.4    40.6    44.8    44.7    50.0    47.2    64.0    65.6    71.1    65.2    72.1    55.1    52.5    57.3    58.3    55.2    58.8    61.0    76.7    35.0    35.2    68.0    46.1    41.2    51.4    41.8    46.8    42.1    57.0    54.1    53.0    56.8    51.5    29.2    24.2    25.7    25.5    25.0     8.6     0.0     5.0     5.4     7.1  2268.8
      51    40.3    26.2    26.9    25.6    27.8    26.6    29.7    39.3    40.0    46.1    45.3    46.1    43.9    48.1    47.6    53.2    50.0    67.3    68.8    74.3    68.0    75.0    59.5    56.8    61.7    62.6    59.4    63.0    65.2    81.6    39.4    39.4    72.8    51.0    46.1    56.3    46.6    51.7    46.8    61.0    58.3    57.3    61.3    55.9    33.5    28.8    30.6    30.4    30.0     7.0     5.0     0.0    10.2     5.0  2450.2
      52    30.8    18.4    18.9    19.0    21.2    20.6    23.8    36.0    39.3    43.0    43.3    37.5    36.1    40.2    40.3    45.5    42.9    59.4    61.0    66.4    60.9    67.7    49.7    47.2    52.0    53.0    50.0    53.6    55.8    71.4    29.7    30.0    62.6    40.8    35.9    46.1    36.4    41.5    36.7    54.5    51.2    50.0    53.5    48.3    26.2    20.8    21.5    21.2    20.1    13.5     5.4    10.2     0.0    10.4  2071.4
      53    38.1    23.0    23.9    21.9    24.0    22.7    25.6    34.5    35.0    41.2    40.3    43.0    40.4    44.6    43.9    49.5    46.1    63.6    65.1    70.7    64.0    71.1    57.4    54.6    59.6    60.4    56.8    60.4    62.6    80.8    37.3    37.2    71.6    50.2    45.3    55.4    45.5    50.6    45.7    64.0    61.0    59.9    63.6    58.3    36.1    30.9    32.0    31.6    30.4    12.0     7.1     5.0    10.4     0.0  2366.2
          1441.6  1627.1  1606.5  1696.3  1673.5  1728.3  1721.5  2115.2  2516.6  2304.1  2461.2  1515.0  1567.1  1607.0  1672.2  1734.2  1755.6  2130.1  2206.0  2407.9  2290.9  2551.9  1705.2  1635.1  1771.0  1794.7  1701.4  1808.7  1886.1  2758.0  1447.3  1442.9  2303.2  1685.6  1592.4  1792.7  1562.6  1646.1  1551.5  3154.7  2923.1  2836.5  2887.7  2715.7  2226.8  2064.9  1908.1  1877.9  1745.8  2620.1  2268.8  2450.2  2071.4  2366.2

Route matrix:
               0       1       2       3       4       5       6       7       8       9      10      11      12      13      14      15      16      17      18      19      20      21      22      23      24      25      26      27      28      29      30      31      32      33      34      35      36      37      38      39      40      41      42      43      44      45      46      47      48      49      50      51      52      53
       0     0.0     0.0     3.0     0.0     0.0     0.0     0.0     2.0     0.0     0.0     0.0     2.0     0.0     0.0     0.0     0.0     0.0     2.0     0.0     0.0     0.0     0.0     0.0     1.0     1.0     1.0     0.0     0.0     0.0     0.0     1.0     1.0     1.0     0.0     0.0     0.0     1.0     0.0     2.0     0.0     0.0     1.0     0.0     1.0     0.0     0.0     0.0     0.0     1.0     0.0     0.0     0.0     1.0     0.0    22.0
       1     1.0     0.0     0.0     0.0     0.0     0.0     0.0     0.0     0.0     0.0     0.0     0.0     0.0     0.0     0.0     0.0     0.0     0.0     0.0     0.0     0.0     0.0     0.0     0.0     0.0     0.0     0.0     0.0     0.0     0.0     0.0     0.0     0.0     0.0     0.0     0.0     0.0     0.0     0.0     0.0     0.0     0.0     0.0     0.0     0.0     0.0     0.0     0.0     0.0     0.0     0.0     0.0     0.0     0.0     1.0
       2     0.0     1.0     0.0     0.0     1.0     0.0     0.0     0.0     0.0     0.0     0.0     0.0     0.0     0.0     0.0     0.0     0.0     0.0     0.0     0.0     0.0     0.0     0.0     0.0     0.0     0.0     0.0     0.0     0.0     0.0     0.0     0.0     0.0     0.0     0.0     0.0     0.0     0.0     0.0     0.0     0.0     0.0     0.0     0.0     0.0     0.0     0.0     0.0     0.0     0.0     0.0     1.0     0.0     0.0     3.0
       3     1.0     0.0     0.0     0.0     0.0     0.0     0.0     0.0     0.0     0.0     0.0     0.0     0.0     0.0     0.0     0.0     0.0     0.0     0.0     0.0     0.0     0.0     0.0     0.0     0.0     0.0     0.0     0.0     0.0     0.0     0.0     0.0     0.0     0.0     0.0     0.0     0.0     0.0     0.0     0.0     0.0     0.0     0.0     0.0     0.0     0.0     0.0     0.0     0.0     0.0     0.0     0.0     0.0     0.0     1.0
       4     0.0     0.0     0.0     1.0     0.0     0.0     0.0     0.0     0.0     0.0     0.0     0.0     0.0     0.0     0.0     0.0     0.0     0.0     0.0     0.0     0.0     0.0     0.0     0.0     0.0     0.0     0.0     0.0     0.0     0.0     0.0     0.0     0.0     0.0     0.0     0.0     0.0     0.0     0.0     0.0     0.0     0.0     0.0     0.0     0.0     0.0     0.0     0.0     0.0     0.0     0.0     0.0     0.0     0.0     1.0
       5     1.0     0.0     0.0     0.0     0.0     0.0     0.0     0.0     0.0     0.0     0.0     0.0     0.0     0.0     0.0     0.0     0.0     0.0     0.0     0.0     0.0     0.0     0.0     0.0     0.0     0.0     0.0     0.0     0.0     0.0     0.0     0.0     0.0     0.0     0.0     0.0     0.0     0.0     0.0     0.0     0.0     0.0     0.0     0.0     0.0     0.0     0.0     0.0     0.0     0.0     0.0     0.0     0.0     0.0     1.0
       6     1.0     0.0     0.0     0.0     0.0     0.0     0.0     0.0     0.0     0.0     0.0     0.0     0.0     0.0     0.0     0.0     0.0     0.0     0.0     0.0     0.0     0.0     0.0     0.0     0.0     0.0     0.0     0.0     0.0     0.0     0.0     0.0     0.0     0.0     0.0     0.0     0.0     0.0     0.0     0.0     0.0     0.0     0.0     0.0     0.0     0.0     0.0     0.0     0.0     0.0     0.0     0.0     0.0     0.0     1.0
       7     0.0     0.0     0.0     0.0     0.0     0.0     0.0     0.0     0.0     1.0     1.0     0.0     0.0     0.0     0.0     0.0     0.0     0.0     0.0     0.0     0.0     0.0     0.0     0.0     0.0     0.0     0.0     0.0     0.0     0.0     0.0     0.0     0.0     0.0     0.0     0.0     0.0     0.0     0.0     0.0     0.0     0.0     0.0     0.0     0.0     0.0     0.0     0.0     0.0     0.0     0.0     0.0     0.0     0.0     2.0
       8     0.0     0.0     0.0     0.0     0.0     1.0     0.0     0.0     0.0     0.0     0.0     0.0     0.0     0.0     0.0     0.0     0.0     0.0     0.0     0.0     0.0     0.0     0.0     0.0     0.0     0.0     0.0     0.0     0.0     0.0     0.0     0.0     0.0     0.0     0.0     0.0     0.0     0.0     0.0     0.0     0.0     0.0     0.0     0.0     0.0     0.0     0.0     0.0     0.0     0.0     0.0     0.0     0.0     0.0     1.0
       9     0.0     0.0     0.0     0.0     0.0     0.0     1.0     0.0     0.0     0.0     0.0     0.0     0.0     0.0     0.0     0.0     0.0     0.0     0.0     0.0     0.0     0.0     0.0     0.0     0.0     0.0     0.0     0.0     0.0     0.0     0.0     0.0     0.0     0.0     0.0     0.0     0.0     0.0     0.0     0.0     0.0     0.0     0.0     0.0     0.0     0.0     0.0     0.0     0.0     0.0     0.0     0.0     0.0     0.0     1.0
      10     0.0     0.0     0.0     0.0     0.0     0.0     0.0     0.0     1.0     0.0     0.0     0.0     0.0     0.0     0.0     0.0     0.0     0.0     0.0     0.0     0.0     0.0     0.0     0.0     0.0     0.0     0.0     0.0     0.0     0.0     0.0     0.0     0.0     0.0     0.0     0.0     0.0     0.0     0.0     0.0     0.0     0.0     0.0     0.0     0.0     0.0     0.0     0.0     0.0     0.0     0.0     0.0     0.0     0.0     1.0
      11     0.0     0.0     0.0     0.0     0.0     0.0     0.0     0.0     0.0     0.0     0.0     0.0     0.0     1.0     0.0     1.0     0.0     0.0     0.0     0.0     0.0     0.0     0.0     0.0     0.0     0.0     0.0     0.0     0.0     0.0     0.0     0.0     0.0     0.0     0.0     0.0     0.0     0.0     0.0     0.0     0.0     0.0     0.0     0.0     0.0     0.0     0.0     0.0     0.0     0.0     0.0     0.0     0.0     0.0     2.0
      12     1.0     0.0     0.0     0.0     0.0     0.0     0.0     0.0     0.0     0.0     0.0     0.0     0.0     0.0     0.0     0.0     0.0     0.0     0.0     0.0     0.0     0.0     0.0     0.0     0.0     0.0     0.0     0.0     0.0     0.0     0.0     0.0     0.0     0.0     0.0     0.0     0.0     0.0     0.0     0.0     0.0     0.0     0.0     0.0     0.0     0.0     0.0     0.0     0.0     0.0     0.0     0.0     0.0     0.0     1.0
      13     0.0     0.0     0.0     0.0     0.0     0.0     0.0     0.0     0.0     0.0     0.0     0.0     0.0     0.0     0.0     0.0     0.0     0.0     0.0     0.0     0.0     0.0     0.0     0.0     0.0     0.0     0.0     0.0     0.0     0.0     0.0     1.0     0.0     0.0     0.0     0.0     0.0     0.0     0.0     0.0     0.0     0.0     0.0     0.0     0.0     0.0     0.0     0.0     0.0     0.0     0.0     0.0     0.0     0.0     1.0
      14     0.0     0.0     0.0     0.0     0.0     0.0     0.0     0.0     0.0     0.0     0.0     0.0     1.0     0.0     0.0     0.0     0.0     0.0     0.0     0.0     0.0     0.0     0.0     0.0     0.0     0.0     0.0     0.0     0.0     0.0     0.0     0.0     0.0     0.0     0.0     0.0     0.0     0.0     0.0     0.0     0.0     0.0     0.0     0.0     0.0     0.0     0.0     0.0     0.0     0.0     0.0     0.0     0.0     0.0     1.0
      15     0.0     0.0     0.0     0.0     0.0     0.0     0.0     0.0     0.0     0.0     0.0     0.0     0.0     0.0     0.0     0.0     1.0     0.0     0.0     0.0     0.0     0.0     0.0     0.0     0.0     0.0     0.0     0.0     0.0     0.0     0.0     0.0     0.0     0.0     0.0     0.0     0.0     0.0     0.0     0.0     0.0     0.0     0.0     0.0     0.0     0.0     0.0     0.0     0.0     0.0     0.0     0.0     0.0     0.0     1.0
      16     0.0     0.0     0.0     0.0     0.0     0.0     0.0     0.0     0.0     0.0     0.0     0.0     0.0     0.0     1.0     0.0     0.0     0.0     0.0     0.0     0.0     0.0     0.0     0.0     0.0     0.0     0.0     0.0     0.0     0.0     0.0     0.0     0.0     0.0     0.0     0.0     0.0     0.0     0.0     0.0     0.0     0.0     0.0     0.0     0.0     0.0     0.0     0.0     0.0     0.0     0.0     0.0     0.0     0.0     1.0
      17     0.0     0.0     0.0     0.0     0.0     0.0     0.0     0.0     0.0     0.0     0.0     0.0     0.0     0.0     0.0     0.0     0.0     0.0     1.0     1.0     0.0     0.0     0.0     0.0     0.0     0.0     0.0     0.0     0.0     0.0     0.0     0.0     0.0     0.0     0.0     0.0     0.0     0.0     0.0     0.0     0.0     0.0     0.0     0.0     0.0     0.0     0.0     0.0     0.0     0.0     0.0     0.0     0.0     0.0     2.0
      18     1.0     0.0     0.0     0.0     0.0     0.0     0.0     0.0     0.0     0.0     0.0     0.0     0.0     0.0     0.0     0.0     0.0     0.0     0.0     0.0     0.0     0.0     0.0     0.0     0.0     0.0     0.0     0.0     0.0     0.0     0.0     0.0     0.0     0.0     0.0     0.0     0.0     0.0     0.0     0.0     0.0     0.0     0.0     0.0     0.0     0.0     0.0     0.0     0.0     0.0     0.0     0.0     0.0     0.0     1.0
      19     0.0     0.0     0.0     0.0     0.0     0.0     0.0     0.0     0.0     0.0     0.0     0.0     0.0     0.0     0.0     0.0     0.0     0.0     0.0     0.0     0.0     1.0     0.0     0.0     0.0     0.0     0.0     0.0     0.0     0.0     0.0     0.0     0.0     0.0     0.0     0.0     0.0     0.0     0.0     0.0     0.0     0.0     0.0     0.0     0.0     0.0     0.0     0.0     0.0     0.0     0.0     0.0     0.0     0.0     1.0
      20     1.0     0.0     0.0     0.0     0.0     0.0     0.0     0.0     0.0     0.0     0.0     0.0     0.0     0.0     0.0     0.0     0.0     0.0     0.0     0.0     0.0     0.0     0.0     0.0     0.0     0.0     0.0     0.0     0.0     0.0     0.0     0.0     0.0     0.0     0.0     0.0     0.0     0.0     0.0     0.0     0.0     0.0     0.0     0.0     0.0     0.0     0.0     0.0     0.0     0.0     0.0     0.0     0.0     0.0     1.0
      21     0.0     0.0     0.0     0.0     0.0     0.0     0.0     0.0     0.0     0.0     0.0     0.0     0.0     0.0     0.0     0.0     0.0     0.0     0.0     0.0     1.0     0.0     0.0     0.0     0.0     0.0     0.0     0.0     0.0     0.0     0.0     0.0     0.0     0.0     0.0     0.0     0.0     0.0     0.0     0.0     0.0     0.0     0.0     0.0     0.0     0.0     0.0     0.0     0.0     0.0     0.0     0.0     0.0     0.0     1.0
      22     1.0     0.0     0.0     0.0     0.0     0.0     0.0     0.0     0.0     0.0     0.0     0.0     0.0     0.0     0.0     0.0     0.0     0.0     0.0     0.0     0.0     0.0     0.0     0.0     0.0     0.0     0.0     0.0     0.0     0.0     0.0     0.0     0.0     0.0     0.0     0.0     0.0     0.0     0.0     0.0     0.0     0.0     0.0     0.0     0.0     0.0     0.0     0.0     0.0     0.0     0.0     0.0     0.0     0.0     1.0
      23     0.0     0.0     0.0     0.0     0.0     0.0     0.0     0.0     0.0     0.0     0.0     0.0     0.0     0.0     0.0     0.0     0.0     0.0     0.0     0.0     0.0     0.0     1.0     0.0     0.0     0.0     0.0     0.0     0.0     0.0     0.0     0.0     0.0     0.0     0.0     0.0     0.0     0.0     0.0     0.0     0.0     0.0     0.0     0.0     0.0     0.0     0.0     0.0     0.0     0.0     0.0     0.0     0.0     0.0     1.0
      24     1.0     0.0     0.0     0.0     0.0     0.0     0.0     0.0     0.0     0.0     0.0     0.0     0.0     0.0     0.0     0.0     0.0     0.0     0.0     0.0     0.0     0.0     0.0     0.0     0.0     0.0     0.0     0.0     0.0     0.0     0.0     0.0     0.0     0.0     0.0     0.0     0.0     0.0     0.0     0.0     0.0     0.0     0.0     0.0     0.0     0.0     0.0     0.0     0.0     0.0     0.0     0.0     0.0     0.0     1.0
      25     0.0     0.0     0.0     0.0     0.0     0.0     0.0     0.0     0.0     0.0     0.0     0.0     0.0     0.0     0.0     0.0     0.0     0.0     0.0     0.0     0.0     0.0     0.0     0.0     0.0     0.0     0.0     0.0     1.0     0.0     0.0     0.0     0.0     0.0     0.0     0.0     0.0     0.0     0.0     0.0     0.0     0.0     0.0     0.0     0.0     0.0     0.0     0.0     0.0     0.0     0.0     0.0     0.0     0.0     1.0
      26     1.0     0.0     0.0     0.0     0.0     0.0     0.0     0.0     0.0     0.0     0.0     0.0     0.0     0.0     0.0     0.0     0.0     0.0     0.0     0.0     0.0     0.0     0.0     0.0     0.0     0.0     0.0     0.0     0.0     0.0     0.0     0.0     0.0     0.0     0.0     0.0     0.0     0.0     0.0     0.0     0.0     0.0     0.0     0.0     0.0     0.0     0.0     0.0     0.0     0.0     0.0     0.0     0.0     0.0     1.0
      27     0.0     0.0     0.0     0.0     0.0     0.0     0.0     0.0     0.0     0.0     0.0     0.0     0.0     0.0     0.0     0.0     0.0     0.0     0.0     0.0     0.0     0.0     0.0     0.0     0.0     0.0     1.0     0.0     0.0     0.0     0.0     0.0     0.0     0.0     0.0     0.0     0.0     0.0     0.0     0.0     0.0     0.0     0.0     0.0     0.0     0.0     0.0     0.0     0.0     0.0     0.0     0.0     0.0     0.0     1.0
      28     0.0     0.0     0.0     0.0     0.0     0.0     0.0     0.0     0.0     0.0     0.0     0.0     0.0     0.0     0.0     0.0     0.0     0.0     0.0     0.0     0.0     0.0     0.0     0.0     0.0     0.0     0.0     1.0     0.0     0.0     0.0     0.0     0.0     0.0     0.0     0.0     0.0     0.0     0.0     0.0     0.0     0.0     0.0     0.0     0.0     0.0     0.0     0.0     0.0     0.0     0.0     0.0     0.0     0.0     1.0
      29     1.0     0.0     0.0     0.0     0.0     0.0     0.0     0.0     0.0     0.0     0.0     0.0     0.0     0.0     0.0     0.0     0.0     0.0     0.0     0.0     0.0     0.0     0.0     0.0     0.0     0.0     0.0     0.0     0.0     0.0     0.0     0.0     0.0     0.0     0.0     0.0     0.0     0.0     0.0     0.0     0.0     0.0     0.0     0.0     0.0     0.0     0.0     0.0     0.0     0.0     0.0     0.0     0.0     0.0     1.0
      30     1.0     0.0     0.0     0.0     0.0     0.0     0.0     0.0     0.0     0.0     0.0     0.0     0.0     0.0     0.0     0.0     0.0     0.0     0.0     0.0     0.0     0.0     0.0     0.0     0.0     0.0     0.0     0.0     0.0     0.0     0.0     0.0     0.0     0.0     0.0     0.0     0.0     0.0     0.0     0.0     0.0     0.0     0.0     0.0     0.0     0.0     0.0     0.0     0.0     0.0     0.0     0.0     0.0     0.0     1.0
      31     2.0     0.0     0.0     0.0     0.0     0.0     0.0     0.0     0.0     0.0     0.0     0.0     0.0     0.0     0.0     0.0     0.0     0.0     0.0     0.0     0.0     0.0     0.0     0.0     0.0     0.0     0.0     0.0     0.0     0.0     0.0     0.0     0.0     0.0     0.0     0.0     0.0     0.0     0.0     0.0     0.0     0.0     0.0     0.0     0.0     0.0     0.0     0.0     0.0     0.0     0.0     0.0     0.0     0.0     2.0
      32     0.0     0.0     0.0     0.0     0.0     0.0     0.0     0.0     0.0     0.0     0.0     0.0     0.0     0.0     0.0     0.0     0.0     0.0     0.0     0.0     0.0     0.0     0.0     0.0     0.0     0.0     0.0     0.0     0.0     1.0     0.0     0.0     0.0     0.0     0.0     0.0     0.0     0.0     0.0     0.0     0.0     0.0     0.0     0.0     0.0     0.0     0.0     0.0     0.0     0.0     0.0     0.0     0.0     0.0     1.0
      33     0.0     0.0     0.0     0.0     0.0     0.0     0.0     0.0     0.0     0.0     0.0     0.0     0.0     0.0     0.0     0.0     0.0     0.0     0.0     0.0     0.0     0.0     0.0     0.0     0.0     0.0     0.0     0.0     0.0     0.0     0.0     0.0     0.0     0.0     0.0     1.0     0.0     0.0     0.0     0.0     0.0     0.0     0.0     0.0     0.0     0.0     0.0     0.0     0.0     0.0     0.0     0.0     0.0     0.0     1.0
      34     1.0     0.0     0.0     0.0     0.0     0.0     0.0     0.0     0.0     0.0     0.0     0.0     0.0     0.0     0.0     0.0     0.0     0.0     0.0     0.0     0.0     0.0     0.0     0.0     0.0     0.0     0.0     0.0     0.0     0.0     0.0     0.0     0.0     0.0     0.0     0.0     0.0     0.0     0.0     0.0     0.0     0.0     0.0     0.0     0.0     0.0     0.0     0.0     0.0     0.0     0.0     0.0     0.0     0.0     1.0
      35     0.0     0.0     0.0     0.0     0.0     0.0     0.0     0.0     0.0     0.0     0.0     0.0     0.0     0.0     0.0     0.0     0.0     0.0     0.0     0.0     0.0     0.0     0.0     0.0     0.0     0.0     0.0     0.0     0.0     0.0     0.0     0.0     0.0     0.0     0.0     0.0     0.0     1.0     0.0     0.0     0.0     0.0     0.0     0.0     0.0     0.0     0.0     0.0     0.0     0.0     0.0     0.0     0.0     0.0     1.0
      36     1.0     0.0     0.0     0.0     0.0     0.0     0.0     0.0     0.0     0.0     0.0     0.0     0.0     0.0     0.0     0.0     0.0     0.0     0.0     0.0     0.0     0.0     0.0     0.0     0.0     0.0     0.0     0.0     0.0     0.0     0.0     0.0     0.0     0.0     1.0     0.0     0.0     0.0     0.0     0.0     0.0     0.0     0.0     0.0     0.0     0.0     0.0     0.0     0.0     0.0     0.0     0.0     0.0     0.0     2.0
      37     1.0     0.0     0.0     0.0     0.0     0.0     0.0     0.0     0.0     0.0     0.0     0.0     0.0     0.0     0.0     0.0     0.0     0.0     0.0     0.0     0.0     0.0     0.0     0.0     0.0     0.0     0.0     0.0     0.0     0.0     0.0     0.0     0.0     0.0     0.0     0.0     0.0     0.0     0.0     0.0     0.0     0.0     0.0     0.0     0.0     0.0     0.0     0.0     0.0     0.0     0.0     0.0     0.0     0.0     1.0
      38     0.0     0.0     0.0     0.0     0.0     0.0     0.0     0.0     0.0     0.0     0.0     0.0     0.0     0.0     0.0     0.0     0.0     0.0     0.0     0.0     0.0     0.0     0.0     0.0     0.0     0.0     0.0     0.0     0.0     0.0     0.0     0.0     0.0     1.0     0.0     0.0     1.0     0.0     0.0     0.0     0.0     0.0     0.0     0.0     0.0     0.0     0.0     0.0     0.0     0.0     0.0     0.0     0.0     0.0     2.0
      39     0.0     0.0     0.0     0.0     0.0     0.0     0.0     0.0     0.0     0.0     0.0     0.0     0.0     0.0     0.0     0.0     0.0     0.0     0.0     0.0     0.0     0.0     0.0     0.0     0.0     0.0     0.0     0.0     0.0     0.0     0.0     0.0     0.0     0.0     0.0     0.0     0.0     0.0     0.0     0.0     0.0     0.0     1.0     0.0     0.0     0.0     0.0     0.0     0.0     0.0     0.0     0.0     0.0     0.0     1.0
      40     0.0     0.0     0.0     0.0     0.0     0.0     0.0     0.0     0.0     0.0     0.0     0.0     0.0     0.0     0.0     0.0     0.0     0.0     0.0     0.0     0.0     0.0     0.0     0.0     0.0     0.0     0.0     0.0     0.0     0.0     0.0     0.0     0.0     0.0     0.0     0.0     0.0     0.0     0.0     1.0     0.0     0.0     0.0     0.0     0.0     0.0     0.0     0.0     0.0     0.0     0.0     0.0     0.0     0.0     1.0
      41     0.0     0.0     0.0     0.0     0.0     0.0     0.0     0.0     0.0     0.0     0.0     0.0     0.0     0.0     0.0     0.0     0.0     0.0     0.0     0.0     0.0     0.0     0.0     0.0     0.0     0.0     0.0     0.0     0.0     0.0     0.0     0.0     0.0     0.0     0.0     0.0     0.0     0.0     0.0     0.0     1.0     0.0     0.0     0.0     0.0     0.0     0.0     0.0     0.0     0.0     0.0     0.0     0.0     0.0     1.0
      42     1.0     0.0     0.0     0.0     0.0     0.0     0.0     0.0     0.0     0.0     0.0     0.0     0.0     0.0     0.0     0.0     0.0     0.0     0.0     0.0     0.0     0.0     0.0     0.0     0.0     0.0     0.0     0.0     0.0     0.0     0.0     0.0     0.0     0.0     0.0     0.0     0.0     0.0     0.0     0.0     0.0     0.0     0.0     0.0     0.0     0.0     0.0     0.0     0.0     0.0     0.0     0.0     0.0     0.0     1.0
      43     0.0     0.0     0.0     0.0     0.0     0.0     0.0     0.0     0.0     0.0     0.0     0.0     0.0     0.0     0.0     0.0     0.0     0.0     0.0     0.0     0.0     0.0     0.0     0.0     0.0     0.0     0.0     0.0     0.0     0.0     0.0     0.0     0.0     0.0     0.0     0.0     0.0     0.0     0.0     0.0     0.0     0.0     0.0     0.0     1.0     0.0     0.0     0.0     0.0     0.0     0.0     0.0     0.0     0.0     1.0
      44     1.0     0.0     0.0     0.0     0.0     0.0     0.0     0.0     0.0     0.0     0.0     0.0     0.0     0.0     0.0     0.0     0.0     0.0     0.0     0.0     0.0     0.0     0.0     0.0     0.0     0.0     0.0     0.0     0.0     0.0     0.0     0.0     0.0     0.0     0.0     0.0     0.0     0.0     0.0     0.0     0.0     0.0     0.0     0.0     0.0     0.0     0.0     0.0     0.0     0.0     0.0     0.0     0.0     0.0     1.0
      45     1.0     0.0     0.0     0.0     0.0     0.0     0.0     0.0     0.0     0.0     0.0     0.0     0.0     0.0     0.0     0.0     0.0     0.0     0.0     0.0     0.0     0.0     0.0     0.0     0.0     0.0     0.0     0.0     0.0     0.0     0.0     0.0     0.0     0.0     0.0     0.0     0.0     0.0     0.0     0.0     0.0     0.0     0.0     0.0     0.0     0.0     0.0     0.0     0.0     0.0     0.0     0.0     0.0     0.0     1.0
      46     0.0     0.0     0.0     0.0     0.0     0.0     0.0     0.0     0.0     0.0     0.0     0.0     0.0     0.0     0.0     0.0     0.0     0.0     0.0     0.0     0.0     0.0     0.0     0.0     0.0     0.0     0.0     0.0     0.0     0.0     0.0     0.0     0.0     0.0     0.0     0.0     0.0     0.0     0.0     0.0     0.0     0.0     0.0     0.0     0.0     1.0     0.0     0.0     0.0     0.0     0.0     0.0     0.0     0.0     1.0
      47     0.0     0.0     0.0     0.0     0.0     0.0     0.0     0.0     0.0     0.0     0.0     0.0     0.0     0.0     0.0     0.0     0.0     0.0     0.0     0.0     0.0     0.0     0.0     0.0     0.0     0.0     0.0     0.0     0.0     0.0     0.0     0.0     0.0     0.0     0.0     0.0     0.0     0.0     0.0     0.0     0.0     0.0     0.0     0.0     0.0     0.0     1.0     0.0     0.0     0.0     0.0     0.0     0.0     0.0     1.0
      48     0.0     0.0     0.0     0.0     0.0     0.0     0.0     0.0     0.0     0.0     0.0     0.0     0.0     0.0     0.0     0.0     0.0     0.0     0.0     0.0     0.0     0.0     0.0     0.0     0.0     0.0     0.0     0.0     0.0     0.0     0.0     0.0     0.0     0.0     0.0     0.0     0.0     0.0     0.0     0.0     0.0     0.0     0.0     0.0     0.0     0.0     0.0     1.0     0.0     0.0     0.0     0.0     0.0     0.0     1.0
      49     1.0     0.0     0.0     0.0     0.0     0.0     0.0     0.0     0.0     0.0     0.0     0.0     0.0     0.0     0.0     0.0     0.0     0.0     0.0     0.0     0.0     0.0     0.0     0.0     0.0     0.0     0.0     0.0     0.0     0.0     0.0     0.0     0.0     0.0     0.0     0.0     0.0     0.0     0.0     0.0     0.0     0.0     0.0     0.0     0.0     0.0     0.0     0.0     0.0     0.0     0.0     0.0     0.0     0.0     1.0
      50     0.0     0.0     0.0     0.0     0.0     0.0     0.0     0.0     0.0     0.0     0.0     0.0     0.0     0.0     0.0     0.0     0.0     0.0     0.0     0.0     0.0     0.0     0.0     0.0     0.0     0.0     0.0     0.0     0.0     0.0     0.0     0.0     0.0     0.0     0.0     0.0     0.0     0.0     0.0     0.0     0.0     0.0     0.0     0.0     0.0     0.0     0.0     0.0     0.0     1.0     0.0     0.0     0.0     0.0     1.0
      51     0.0     0.0     0.0     0.0     0.0     0.0     0.0     0.0     0.0     0.0     0.0     0.0     0.0     0.0     0.0     0.0     0.0     0.0     0.0     0.0     0.0     0.0     0.0     0.0     0.0     0.0     0.0     0.0     0.0     0.0     0.0     0.0     0.0     0.0     0.0     0.0     0.0     0.0     0.0     0.0     0.0     0.0     0.0     0.0     0.0     0.0     0.0     0.0     0.0     0.0     0.0     0.0     0.0     1.0     1.0
      52     0.0     0.0     0.0     0.0     0.0     0.0     0.0     0.0     0.0     0.0     0.0     0.0     0.0     0.0     0.0     0.0     0.0     0.0     0.0     0.0     0.0     0.0     0.0     0.0     0.0     0.0     0.0     0.0     0.0     0.0     0.0     0.0     0.0     0.0     0.0     0.0     0.0     0.0     0.0     0.0     0.0     0.0     0.0     0.0     0.0     0.0     0.0     0.0     0.0     0.0     1.0     0.0     0.0     0.0     1.0
      53     1.0     0.0     0.0     0.0     0.0     0.0     0.0     0.0     0.0     0.0     0.0     0.0     0.0     0.0     0.0     0.0     0.0     0.0     0.0     0.0     0.0     0.0     0.0     0.0     0.0     0.0     0.0     0.0     0.0     0.0     0.0     0.0     0.0     0.0     0.0     0.0     0.0     0.0     0.0     0.0     0.0     0.0     0.0     0.0     0.0     0.0     0.0     0.0     0.0     0.0     0.0     0.0     0.0     0.0     1.0
            22.0     1.0     3.0     1.0     1.0     1.0     1.0     2.0     1.0     1.0     1.0     2.0     1.0     1.0     1.0     1.0     1.0     2.0     1.0     1.0     1.0     1.0     1.0     1.0     1.0     1.0     1.0     1.0     1.0     1.0     1.0     2.0     1.0     1.0     1.0     1.0     2.0     1.0     2.0     1.0     1.0     1.0     1.0     1.0     1.0     1.0     1.0     1.0     1.0     1.0     1.0     1.0     1.0     1.0

Proportions per vehicle k (left axis)
               0       1       2       3       4       5       6       7       8       9      10      11      12      13      14      15      16      17      18      19      20      21      22      23      24      25      26      27      28      29      30      31      32      33      34      35      36      37      38      39      40      41      42      43      44      45      46      47      48      49      50      51      52      53
       0     0.0     0.0     0.2     0.0     0.0     0.0     0.0     0.0     0.0     0.0     0.0     0.0     0.0     0.0     0.0     0.0     0.0     0.0     0.0     0.0     0.0     0.0     0.0     0.0     0.0     0.0     0.0     0.0     0.0     0.0     0.0     0.0     0.0     0.0     0.0     0.0     0.0     0.0     0.0     0.0     0.0     0.0     0.0     0.0     0.0     0.0     0.0     0.0     0.0     0.0     0.0     1.0     0.0     1.0
       1     0.0     0.0     0.0     0.0     0.0     1.0     0.0     0.0     1.0     0.0     1.0     0.0     0.0     0.0     0.0     0.0     0.0     0.0     0.0     0.0     0.0     0.0     0.0     0.0     0.0     0.0     0.0     0.0     0.0     0.0     0.0     0.0     0.0     0.0     0.0     0.0     0.0     0.0     0.0     0.0     0.0     0.0     0.0     0.0     0.0     0.0     0.0     0.0     0.0     0.0     0.0     0.0     0.0     0.0
       2     0.0     0.0     0.0     0.0     0.0     0.0     0.0     0.0     0.0     0.0     0.0     0.0     0.0     1.0     0.0     0.0     0.0     0.0     0.0     0.0     0.0     0.0     0.0     0.0     0.0     0.0     0.0     0.0     0.0     0.0     0.0     0.2     0.0     0.0     0.0     0.0     0.0     0.0     0.0     0.0     0.0     0.0     0.0     0.0     0.0     0.0     0.0     0.0     0.0     0.0     0.0     0.0     0.0     0.0
       3     0.0     0.0     0.0     0.0     0.0     0.0     0.0     0.0     0.0     0.0     0.0     0.0     0.0     0.0     0.0     0.0     0.0     0.7     1.0     0.0     0.0     0.0     0.0     0.0     0.0     0.0     0.0     0.0     0.0     0.0     0.0     0.0     0.0     0.0     0.0     0.0     0.0     0.0     0.0     0.0     0.0     0.0     0.0     0.0     0.0     0.0     0.0     0.0     0.0     0.0     0.0     0.0     0.0     0.0
       4     0.0     0.0     0.0     0.0     0.0     0.0     0.0     0.0     0.0     0.0     0.0     0.0     0.0     0.0     0.0     0.0     0.0     0.0     0.0     0.0     0.0     0.0     1.0     1.0     0.0     0.0     0.0     0.0     0.0     0.0     0.0     0.0     0.0     0.0     0.0     0.0     0.0     0.0     0.0     0.0     0.0     0.0     0.0     0.0     0.0     0.0     0.0     0.0     0.0     0.0     0.0     0.0     0.0     0.0
       5     0.0     0.0     0.0     0.0     0.0     0.0     0.0     0.0     0.0     0.0     0.0     0.0     0.0     0.0     0.0     0.0     0.0     0.0     0.0     0.0     0.0     0.0     0.0     0.0     0.0     0.0     0.0     0.0     0.0     1.0     0.0     0.0     1.0     0.0     0.0     0.0     0.0     0.0     0.0     0.0     0.0     0.0     0.0     0.0     0.0     0.0     0.0     0.0     0.0     0.0     0.0     0.0     0.0     0.0
       6     0.0     0.0     0.0     0.0     0.0     0.0     0.0     0.0     0.0     0.0     0.0     0.0     0.0     0.0     0.0     0.0     0.0     0.0     0.0     0.0     0.0     0.0     0.0     0.0     0.0     0.0     0.0     0.0     0.0     0.0     0.0     0.0     0.0     1.0     0.0     1.0     0.0     1.0     0.5     0.0     0.0     0.0     0.0     0.0     0.0     0.0     0.0     0.0     0.0     0.0     0.0     0.0     0.0     0.0
       7     0.0     0.0     0.0     0.0     0.0     0.0     0.0     0.0     0.0     0.0     0.0     0.0     0.0     0.0     0.0     0.0     0.0     0.0     0.0     0.0     0.0     0.0     0.0     0.0     0.0     0.0     0.0     0.0     0.0     0.0     0.0     0.0     0.0     0.0     0.0     0.0     0.0     0.0     0.0     0.0     0.0     0.0     0.0     0.0     0.0     1.0     1.0     1.0     1.0     0.0     0.0     0.0     0.0     0.0
       8     0.0     0.0     0.0     0.0     0.0     0.0     0.0     0.0     0.0     0.0     0.0     0.0     0.0     0.0     0.0     0.0     0.0     0.0     0.0     0.0     0.0     0.0     0.0     0.0     0.0     0.0     0.0     0.0     0.0     0.0     0.0     0.0     0.0     0.0     0.0     0.0     0.0     0.0     0.0     0.0     0.0     0.0     0.0     0.0     0.0     0.0     0.0     0.0     0.0     1.0     1.0     0.0     1.0     0.0
       9     0.0     0.0     0.0     0.0     0.0     0.0     0.0     0.0     0.0     0.0     0.0     0.0     0.0     0.0     0.0     0.0     0.0     0.0     0.0     0.0     0.0     0.0     0.0     0.0     0.0     0.0     0.0     0.0     0.0     0.0     0.0     0.0     0.0     0.0     0.0     0.0     0.8     0.0     0.5     0.0     0.0     0.0     0.0     0.0     0.0     0.0     0.0     0.0     0.0     0.0     0.0     0.0     0.0     0.0
      10     0.0     0.0     0.0     0.0     0.0     0.0     0.0     0.0     0.0     0.0     0.0     0.0     0.0     0.0     0.0     0.0     0.0     0.0     0.0     0.0     0.0     0.0     0.0     0.0     0.0     0.0     0.0     0.0     0.0     0.0     0.0     0.0     0.0     0.0     0.0     0.0     0.0     0.0     0.0     1.0     1.0     1.0     1.0     0.0     0.0     0.0     0.0     0.0     0.0     0.0     0.0     0.0     0.0     0.0
      11     0.0     0.0     0.0     0.0     0.0     0.0     0.0     0.0     0.0     0.0     0.0     0.0     0.0     0.0     0.0     0.0     0.0     0.0     0.0     0.0     0.0     0.0     0.0     0.0     0.0     0.0     0.0     0.0     0.0     0.0     0.0     0.8     0.0     0.0     0.0     0.0     0.0     0.0     0.0     0.0     0.0     0.0     0.0     0.0     0.0     0.0     0.0     0.0     0.0     0.0     0.0     0.0     0.0     0.0
      12     0.0     0.0     0.0     0.0     0.0     0.0     0.0     0.0     0.0     0.0     0.0     1.0     1.0     0.0     1.0     1.0     1.0     0.0     0.0     0.0     0.0     0.0     0.0     0.0     0.0     0.0     0.0     0.0     0.0     0.0     0.0     0.0     0.0     0.0     0.0     0.0     0.0     0.0     0.0     0.0     0.0     0.0     0.0     0.0     0.0     0.0     0.0     0.0     0.0     0.0     0.0     0.0     0.0     0.0
      13     0.0     0.0     0.0     0.0     0.0     0.0     0.0     0.0     0.0     0.0     0.0     0.0     0.0     0.0     0.0     0.0     0.0     0.0     0.0     0.0     0.0     0.0     0.0     0.0     0.0     1.0     1.0     1.0     1.0     0.0     0.0     0.0     0.0     0.0     0.0     0.0     0.0     0.0     0.0     0.0     0.0     0.0     0.0     0.0     0.0     0.0     0.0     0.0     0.0     0.0     0.0     0.0     0.0     0.0
      14     0.0     0.0     0.4     1.0     1.0     0.0     0.0     0.0     0.0     0.0     0.0     0.0     0.0     0.0     0.0     0.0     0.0     0.0     0.0     0.0     0.0     0.0     0.0     0.0     0.0     0.0     0.0     0.0     0.0     0.0     0.0     0.0     0.0     0.0     0.0     0.0     0.0     0.0     0.0     0.0     0.0     0.0     0.0     0.0     0.0     0.0     0.0     0.0     0.0     0.0     0.0     0.0     0.0     0.0
      15     0.0     0.0     0.0     0.0     0.0     0.0     0.0     0.0     0.0     0.0     0.0     0.0     0.0     0.0     0.0     0.0     0.0     0.0     0.0     0.0     0.0     0.0     0.0     0.0     0.0     0.0     0.0     0.0     0.0     0.0     0.0     0.0     0.0     0.0     0.0     0.0     0.0     0.0     0.0     0.0     0.0     0.0     0.0     1.0     1.0     0.0     0.0     0.0     0.0     0.0     0.0     0.0     0.0     0.0
      16     0.0     0.0     0.0     0.0     0.0     0.0     1.0     1.0     0.0     1.0     0.0     0.0     0.0     0.0     0.0     0.0     0.0     0.0     0.0     0.0     0.0     0.0     0.0     0.0     0.0     0.0     0.0     0.0     0.0     0.0     0.0     0.0     0.0     0.0     0.0     0.0     0.0     0.0     0.0     0.0     0.0     0.0     0.0     0.0     0.0     0.0     0.0     0.0     0.0     0.0     0.0     0.0     0.0     0.0
      17     0.0     0.0     0.0     0.0     0.0     0.0     0.0     0.0     0.0     0.0     0.0     0.0     0.0     0.0     0.0     0.0     0.0     0.3     0.0     1.0     1.0     1.0     0.0     0.0     0.0     0.0     0.0     0.0     0.0     0.0     0.0     0.0     0.0     0.0     0.0     0.0     0.0     0.0     0.0     0.0     0.0     0.0     0.0     0.0     0.0     0.0     0.0     0.0     0.0     0.0     0.0     0.0     0.0     0.0
      18     0.0     1.0     0.4     0.0     0.0     0.0     0.0     0.0     0.0     0.0     0.0     0.0     0.0     0.0     0.0     0.0     0.0     0.0     0.0     0.0     0.0     0.0     0.0     0.0     0.0     0.0     0.0     0.0     0.0     0.0     0.0     0.0     0.0     0.0     0.0     0.0     0.0     0.0     0.0     0.0     0.0     0.0     0.0     0.0     0.0     0.0     0.0     0.0     0.0     0.0     0.0     0.0     0.0     0.0
      19     0.0     0.0     0.0     0.0     0.0     0.0     0.0     0.0     0.0     0.0     0.0     0.0     0.0     0.0     0.0     0.0     0.0     0.0     0.0     0.0     0.0     0.0     0.0     0.0     1.0     0.0     0.0     0.0     0.0     0.0     0.0     0.0     0.0     0.0     0.0     0.0     0.0     0.0     0.0     0.0     0.0     0.0     0.0     0.0     0.0     0.0     0.0     0.0     0.0     0.0     0.0     0.0     0.0     0.0
      20     0.0     0.0     0.0     0.0     0.0     0.0     0.0     0.0     0.0     0.0     0.0     0.0     0.0     0.0     0.0     0.0     0.0     0.0     0.0     0.0     0.0     0.0     0.0     0.0     0.0     0.0     0.0     0.0     0.0     0.0     0.0     0.0     0.0     0.0     1.0     0.0     0.2     0.0     0.0     0.0     0.0     0.0     0.0     0.0     0.0     0.0     0.0     0.0     0.0     0.0     0.0     0.0     0.0     0.0
      21     0.0     0.0     0.0     0.0     0.0     0.0     0.0     0.0     0.0     0.0     0.0     0.0     0.0     0.0     0.0     0.0     0.0     0.0     0.0     0.0     0.0     0.0     0.0     0.0     0.0     0.0     0.0     0.0     0.0     0.0     1.0     0.0     0.0     0.0     0.0     0.0     0.0     0.0     0.0     0.0     0.0     0.0     0.0     0.0     0.0     0.0     0.0     0.0     0.0     0.0     0.0     0.0     0.0     0.0
             0.0     1.0     1.0     1.0     1.0     1.0     1.0     1.0     1.0     1.0     1.0     1.0     1.0     1.0     1.0     1.0     1.0     1.0     1.0     1.0     1.0     1.0     1.0     1.0     1.0     1.0     1.0     1.0     1.0     1.0     1.0     1.0     1.0     1.0     1.0     1.0     1.0     1.0     1.0     1.0     1.0     1.0     1.0     1.0     1.0     1.0     1.0     1.0     1.0     1.0     1.0     1.0     1.0     1.0

Arrival times sorted by node: 

    Node    Time  Demand  Vehicles
       0     0.0       0     all
       1     0.0      40      18
       2     0.0      50      ++
       3     0.0      20      14
       4     0.0      20      14
       5     0.0      10       1
       6     0.0      10      16
       7     0.0      30      16
       8     0.0      40       1
       9     0.0      20      16
      10     0.0      10       1
      11     0.0      10      12
      12     0.0      10      12
      13     0.0      40       2
      14     0.0      20      12
      15     0.0      10      12
      16     0.0      10      12
      17     0.0      30      ++
      18     0.0      40       3
      19     0.0      10      17
      20     0.0      10      17
      21     0.0      30      17
      22   142.7      20       4
      23    15.0      40       4
      24   702.0      50      19
      25   255.0      30      13
      26   605.0      10      13
      27   448.0      10      13
      28    30.0      10      13
      29   475.0      20       5
      30   254.0      40      21
      31   278.0      80      ++
      32    10.0      40       5
      33   732.0      20       6
      34   169.0      50      20
      35   593.0      10       6
      36   358.0      50      ++
      37   504.0      10       6
      38    31.0      40      ++
      39    87.0      20      10
      40   283.0      10      10
      41   700.0      20      10
      42   481.6      10      10
      43    68.0      30      15
      44    16.0      20      15
      45   359.0      20       7
      46   541.0      10       7
      47  1001.0      20       7
      48   880.0      10       7
      49   725.0      20       8
      50   286.0      10       8
      51   257.0      30       0
      52   385.0      20       8
      53    35.0      20       0

Arrival times sorted by time: 

    Node    Time  Demand  Vehicles
       0     0.0       0     all
       1     0.0      40      18
       2     0.0      50      ++
       3     0.0      20      14
       4     0.0      20      14
       5     0.0      10       1
       6     0.0      10      16
       7     0.0      30      16
       8     0.0      40       1
       9     0.0      20      16
      10     0.0      10       1
      11     0.0      10      12
      12     0.0      10      12
      13     0.0      40       2
      14     0.0      20      12
      15     0.0      10      12
      16     0.0      10      12
      17     0.0      30      ++
      18     0.0      40       3
      19     0.0      10      17
      20     0.0      10      17
      21     0.0      30      17
      32    10.0      40       5
      23    15.0      40       4
      44    16.0      20      15
      28    30.0      10      13
      38    31.0      40      ++
      53    35.0      20       0
      43    68.0      30      15
      39    87.0      20      10
      22   142.7      20       4
      34   169.0      50      20
      30   254.0      40      21
      25   255.0      30      13
      51   257.0      30       0
      31   278.0      80      ++
      40   283.0      10      10
      50   286.0      10       8
      36   358.0      50      ++
      45   359.0      20       7
      52   385.0      20       8
      27   448.0      10      13
      29   475.0      20       5
      42   481.6      10      10
      37   504.0      10       6
      46   541.0      10       7
      35   593.0      10       6
      26   605.0      10      13
      41   700.0      20      10
      24   702.0      50      19
      49   725.0      20       8
      33   732.0      20       6
      48   880.0      10       7
      47  1001.0      20       7