
    Nodes    |    Current Node    |     Objective Bounds      |     Work
 Expl Unexpl |  Obj  Depth IntInf | Incumbent    BestBd   Gap | It/Node Time

     0     0 23264.9969    0  260          - 23264.9969      -     -    4s
     0     0 24331.8601    0  363          - 24331.8601      -     -    6s
     0     0 24331.9874    0  357          - 24331.9874      -     -    6s
     0     0 24430.7698    0  348          - 24430.7698      -     -   10s
     0     0 24434.5783    0  374          - 24434.5783      -     -   10s
     0     0 25068.5965    0  506          - 25068.5965      -     -   15s
     0     0 25239.2058    0  501          - 25239.2058      -     -   18s
     0     0 25252.5963    0  534          - 25252.5963      -     -   21s
     0     0 25266.7362    0  544          - 25266.7362      -     -   22s
     0     0 25266.9378    0  552          - 25266.9378      -     -   23s
     0     0 27104.8726    0  439          - 27104.8726      -     -   31s
     0     0 27129.1941    0  511          - 27129.1941      -     -   31s
     0     0 27129.6298    0  542          - 27129.6298      -     -   32s
     0     0 27326.4439    0  447          - 27326.4439      -     -   36s
     0     0 27326.4439    0  485          - 27326.4439      -     -   37s
     0     0 27395.3576    0  544          - 27395.3576      -     -   38s
     0     0 27402.7526    0  483          - 27402.7526      -     -   39s
     0     0 27402.7526    0  486          - 27402.7526      -     -   39s
     0     0 29053.1077    0  513          - 29053.1077      -     -   41s
     0     0 29053.1077    0  476          - 29053.1077      -     -   42s
     0     0 29053.6728    0  538          - 29053.6728      -     -   43s
     0     0 29053.6728    0  480          - 29053.6728      -     -   43s
     0     0 29068.2420    0  496          - 29068.2420      -     -   44s
H    0     0                    72744.783438 29068.2420  60.0%     -   44s
     0     0 29068.2420    0  419 72744.7834 29068.2420  60.0%     -   57s
H    0     0                    55469.619252 29073.0388  47.6%     -   73s
     0     2 29073.0388    0  395 55469.6193 29073.0388  47.6%     -   76s
     1     4 29180.5450    1  426 55469.6193 29073.0388  47.6%  2386   84s
     3     8 29415.6374    2  478 55469.6193 29180.5450  47.4%  4439   97s
     7    12 31544.1388    3  496 55469.6193 29415.6374  47.0%  3472  109s
    11    16 30721.5881    3  525 55469.6193 29794.5346  46.3%  3655  119s
    15    20 30765.7258    4  467 55469.6193 30353.5981  45.3%  3605  123s
    19    24 31971.3101    5  429 55469.6193 30378.1855  45.2%  3114  130s
    23    28 31735.9326    5  435 55469.6193 30378.1855  45.2%  3155  135s
H   27    32                    55032.045290 30378.1855  44.8%  2926  150s
    31    37 32866.5433    6  392 55032.0453 30453.6676  44.7%  3161  156s
    36    42 33054.5642    7  437 55032.0453 30453.6676  44.7%  3069  162s
    41    47 33424.5889    8  414 55032.0453 30453.6676  44.7%  3040  168s
    46    52 34951.6054    8  346 55032.0453 30453.6676  44.7%  2982  174s
    51    57 34995.4738    9  379 55032.0453 30453.6676  44.7%  3012  180s
H   56    61                    54805.497159 30453.6676  44.4%  2941  187s
H   58    61                    54773.026652 30453.6676  44.4%  2945  187s
    60    67 35003.1404   10  408 54773.0267 30453.6676  44.4%  2936  195s
    66    76 35097.9819   12  350 54773.0267 30453.6676  44.4%  3008  201s
    75    86 35105.1086   13  361 54773.0267 30453.6676  44.4%  2902  207s
H   85    90                    54597.816136 30453.6676  44.2%  2689  221s
H   88    90                    53590.128584 30453.6676  43.2%  2679  221s
    89   104 35200.7345   15  358 53590.1286 30453.6676  43.2%  2657  229s
   103   114 35356.8656   17  411 53590.1286 30453.6676  43.2%  2438  235s
   114   137 35394.3563   20  344 53590.1286 30453.6676  43.2%  2327  241s
   137   149 35476.0332   25  366 53590.1286 30453.6676  43.2%  2045  248s
   149   162 37159.6642   27  314 53590.1286 30453.6676  43.2%  1995  254s
   162   187 36468.2302   29  376 53590.1286 30453.6676  43.2%  1932  259s
   187   212 36502.4581   31  351 53590.1286 30453.6676  43.2%  1744  265s
   212   237 38244.0255   33  312 53590.1286 30453.6676  43.2%  1593  272s
   238   257 36714.7515   38  345 53590.1286 30453.6676  43.2%  1476  278s
   258   290 37110.6631   40  359 53590.1286 30453.6676  43.2%  1418  284s
   291   316 37161.9309   47  372 53590.1286 30453.6676  43.2%  1302  305s
H  300   316                    53469.691981 30453.6676  43.0%  1269  305s
   325   357 37219.4588   57  300 53469.6920 30453.6676  43.0%  1203  312s
   372   395 37308.6150   71  367 53469.6920 30453.6676  43.0%  1094  318s
   413   444 infeasible   85      53469.6920 30453.6676  43.0%  1026  325s
   466   523 37600.0999   91  331 53469.6920 30453.6676  43.0%   943  332s
   545   565 37660.8272  109  316 53469.6920 30453.6676  43.0%   833  338s
   587   612 39032.1515  118  319 53469.6920 30453.6676  43.0%   802  344s
   636   656 37843.2431  125  331 53469.6920 30453.6676  43.0%   762  350s
   680   702 38347.4952  131  341 53469.6920 30453.6676  43.0%   737  357s
   728   741 39382.7583  140  287 53469.6920 30453.6676  43.0%   715  366s
   771   787 39463.8006  144  315 53469.6920 30453.6676  43.0%   701  373s
   822   846 39736.6106  151  394 53469.6920 30453.6676  43.0%   682  380s
   881   909 39915.0615  160  330 53469.6920 30453.6676  43.0%   661  388s
   947   973 40370.0048  176  279 53469.6920 30453.6676  43.0%   641  399s
  1011  1083 41559.5199  181  284 53469.6920 30453.6676  43.0%   636  407s
  1121  1175 41754.3395  214  268 53469.6920 30453.6676  43.0%   597  416s
  1215  1316 42233.0342  231  248 53469.6920 30453.6676  43.0%   578  425s
  1365  1433 42959.0832  255  237 53469.6920 30453.6676  43.0%   541  434s
  1509  1640 infeasible  269      53469.6920 30453.6676  43.0%   511  442s
  1727  1765 50532.3737  327  131 53469.6920 30453.6676  43.0%   461  456s
  1890  1900 53013.0994  378  115 53469.6920 30597.8183  42.8%   440  468s
  2037  1967 33398.4033    5  532 53469.6920 30597.8183  42.8%   427  480s
  2113  1978 33470.4778    8  429 53469.6920 30597.8183  42.8%   423  494s
  2125  1979 48056.8064  433  419 53469.6920 30597.8183  42.8%   439  503s
H 2126  1881                    53456.265653 30597.8183  42.8%   439  507s
  2128  1882 43972.8261  261  406 53456.2657 30597.8183  42.8%   438  516s
H 2128  1787                    53447.572873 30597.8183  42.8%   438  524s
H 2128  1698                    53376.784208 30597.8183  42.7%   438  524s
H 2128  1613                    53323.165541 30597.8183  42.6%   438  524s
  2129  1614 49036.3096  466  615 53323.1655 30597.8183  42.6%   438  525s
  2130  1614 42260.9518  145  539 53323.1655 30597.8183  42.6%   438  532s
  2131  1615 46595.6242  371  496 53323.1655 30597.8183  42.6%   438  535s
H 2131  1534                    53300.402281 30597.8183  42.6%   438  542s
  2133  1535 46909.7464  385  495 53300.4023 30597.8183  42.6%   437  548s
  2134  1536 40036.6796  167  492 53300.4023 30597.8183  42.6%   437  550s
H 2134  1459                    53293.590866 30597.8183  42.6%   437  568s
  2135  1460 43304.0737  249  381 53293.5909 42766.5652  19.8%   437  573s
  2136  1460 42813.1467  224  424 53293.5909 42813.1467  19.7%   437  576s
H 2138  1389                    53244.464866 45418.1821  14.7%   436  588s
  2141  1391 48910.9188  429  366 53244.4649 48910.9188  8.14%   436  592s
H 2142  1321                    53241.211080 49551.4318  6.93%   436  602s
H 2144  1256                    53213.592612 49554.1831  6.88%   435  615s
  2147  1258 49565.3256    9  417 53213.5926 49565.3256  6.86%   434  622s
  2148  1258 49568.4957  225  385 53213.5926 49568.4957  6.85%   434  626s
H 2152  1199                    53205.449596 49568.4957  6.84%   484  632s
H 2153  1139                    53205.051251 49568.4957  6.83%   484  647s
H 2154  1083                    53202.329029 49568.4957  6.83%   484  650s
H 2154  1029                    53199.209258 49568.4957  6.82%   484  650s
H 2156   978                    53194.958682 49568.4957  6.82%   483  659s
  2158   980 49568.4957  100  351 53194.9587 49568.4957  6.82%   483  661s
H 2158   931                    52921.714335 49568.4957  6.34%   483  670s
  2161   933 49568.5713   10  375 52921.7143 49568.5713  6.34%   482  690s
  2163   934 49578.9259  193  375 52921.7143 49578.9259  6.32%   482  715s
  2164   938 49586.4694   23  393 52921.7143 49581.0976  6.31%   503  748s
  2166   941 49586.9418   24  384 52921.7143 49586.9418  6.30%   503  811s
  2170   944 49587.7645   25  411 52921.7143 49587.7645  6.30%   504  843s
  2174   946 49619.3050   25  320 52921.7143 49587.7645  6.30%   506  869s
  2178   949 49614.9131   26  406 52921.7143 49587.7645  6.30%   509  888s
  2182   952 49600.8085   26  345 52921.7143 49600.8085  6.28%   514  899s
  2186   954 49603.6834   27  367 52921.7143 49600.9388  6.27%   516  907s
H 2193   908                    52921.112227 49600.9388  6.27%   516  934s
H 2194   864                    52918.752001 49600.9388  6.27%   516  934s
  2198   860 49603.6834   28  317 52918.7520 49600.9388  6.27%   516  937s
  2206   862 49603.6834   29  322 52918.7520 49600.9388  6.27%   517  942s
  2216   860 infeasible   30      52918.7520 49600.9388  6.27%   517  948s
  2226   862 infeasible   31      52918.7520 49600.9388  6.27%   518  956s
H 2229   818                    52916.462422 49600.9388  6.27%   519  956s
H 2235   776                    52909.137002 49600.9388  6.25%   519  983s
H 2242   736                    52908.147823 49600.9388  6.25%   520  983s
  2243   733 infeasible   33      52908.1478 49600.9388  6.25%   521  993s
  2257   733 49610.5409   35  307 52908.1478 49600.9388  6.25%   524 1003s
H 2259   696                    52908.147814 49600.9388  6.25%   524 1003s
H 2267   658                    52907.373223 49600.9388  6.25%   525 1003s
  2271   663     cutoff   36      52907.3732 49600.9388  6.25%   526 1017s
  2285   669 infeasible   38      52907.3732 49600.9388  6.25%   531 1025s
  2302   671 50474.5008   40  194 52907.3732 49600.9388  6.25%   533 1040s
H 2316   633                    52907.372228 49600.9388  6.25%   533 1040s
  2317   650 52784.6202   40  156 52907.3722 49600.9388  6.25%   534 1048s
  2336   664 50784.0159   42  202 52907.3722 49600.9388  6.25%   536 1058s
  2361   677 50851.4193   44  166 52907.3722 49600.9388  6.25%   535 1065s
H 2386   654                    52907.219317 49600.9388  6.25%   536 1073s
  2407   681 51637.2754   48  183 52907.2193 49600.9388  6.25%   535 1080s
H 2446   645                    52906.819010 49600.9388  6.25%   534 1097s
H 2455   613                    52898.994414 49600.9388  6.23%   534 1097s
  2457   642     cutoff   56      52898.9944 49600.9388  6.23%   534 1105s
  2503   661 49602.3777   30  335 52898.9944 49600.9388  6.23%   532 1111s
  2544   689 49613.5033   34  287 52898.9944 49600.9388  6.23%   530 1119s
  2594   715 50151.5101   37  214 52898.9944 49600.9388  6.23%   528 1127s
  2645   729 49905.2884   37  246 52898.9944 49600.9388  6.23%   525 1133s
  2710   738 50901.0317   40  198 52898.9944 49600.9388  6.23%   520 1139s
  2777   752 51163.3851   43  190 52898.9944 49600.9388  6.23%   513 1146s
  2861   762 51881.9773   45  177 52898.9944 49600.9388  6.23%   506 1152s
  2942   748 52079.5796   49  184 52898.9944 49600.9388  6.23%   501 1170s
H 3006   699                    52897.136883 49600.9388  6.23%   495 1170s
  3017   724     cutoff   51      52897.1369 49600.9388  6.23%   495 1178s
  3117   696     cutoff   80      52897.1369 49601.5173  6.23%   485 1187s
  3172   682 49641.4252   36  222 52897.1369 49601.5173  6.23%   483 1206s
H 3174   655                    52897.136829 49601.5173  6.23%   483 1206s
  3176   681 49647.0451   37  260 52897.1368 49601.5173  6.23%   483 1214s
  3203   699 50843.9234   40  194 52897.1368 49601.5173  6.23%   485 1223s
  3248   726     cutoff   45      52897.1368 49601.5173  6.23%   485 1236s
  3356   706 52891.8606   57  181 52897.1368 49603.4895  6.23%   480 1247s
  3392   712 49603.9823   31  326 52897.1368 49603.4895  6.23%   480 1257s
  3412   730 49842.9602   36  235 52897.1368 49603.4895  6.23%   485 1267s
  3483   698 52781.0819   38  113 52897.1368 49603.4895  6.23%   483 1285s
  3559   677 52886.1000   60  121 52897.1368 49603.5205  6.23%   484 1297s
  3623   737 infeasible   42      52897.1368 49603.5205  6.23%   483 1309s
  3721   738 52690.3945   51  213 52897.1368 49603.5205  6.23%   479 1322s
  3759   752 52702.7588   59  214 52897.1368 49603.5205  6.23%   481 1335s
  3806   772 52742.4720   67  234 52897.1368 49603.5205  6.23%   483 1348s
  3851   785 52853.3588   76  198 52897.1368 49614.9131  6.20%   485 1364s
  3950   810 49757.9634   29  446 52897.1368 49629.5458  6.18%   483 1377s
  4001   833 49965.5573   34  290 52897.1368 49629.5458  6.18%   485 1391s
  4087   846     cutoff   40      52897.1368 49629.5458  6.18%   484 1405s
  4201   911 52804.5473   40  155 52897.1368 49682.3392  6.08%   485 1421s
  4301   965 52440.2449   46  177 52897.1368 49739.9706  5.97%   485 1437s
  4462   969 infeasible   39      52897.1368 49865.3936  5.73%   480 1454s
  4530  1006 51400.4966   38  255 52897.1368 49932.8082  5.60%   484 1475s
  4614  1056 51859.7230   45  175 52897.1368 49965.5573  5.54%   487 1499s
  4731  1061 52153.2318   45  217 52897.1368 50160.5046  5.17%   488 1521s
  4840  1088 50589.3659   28  322 52897.1368 50489.3210  4.55%   490 1542s
  4941  1123 infeasible   35      52897.1368 50494.6298  4.54%   492 1561s
  5088  1192 50823.0532   39  217 52897.1368 50545.4905  4.45%   493 1582s
  5226  1218 51191.8851   41  223 52897.1368 50650.7929  4.25%   494 1605s
  5382  1259     cutoff   44      52897.1368 50851.7210  3.87%   493 1631s
  5556  1271 52851.2130   51  170 52897.1368 50873.7001  3.83%   494 1660s
  5791  1231 52876.5461   50  174 52897.1368 50966.9037  3.65%   489 1684s
  6016  1300 52809.1154   47  248 52897.1368 51473.7091  2.69%   485 1710s
  6229  1424 52818.0711   52  167 52897.1368 51821.1906  2.03%   484 1739s
  6559  1660 52073.3596   46  230 52897.1368 51832.1078  2.01%   476 1768s
  6970  1772     cutoff   82      52897.1368 51834.9833  2.01%   462 1799s

Cutting planes:
  Gomory: 136
  Lift-and-project: 1
  Cover: 6
  Implied bound: 19
  Projected implied bound: 23
  Clique: 49
  MIR: 30
  Flow cover: 71
  Inf proof: 6
  Zero half: 3
  RLT: 26
  Relax-and-lift: 10

Explored 7438 nodes (3378333 simplex iterations) in 1800.06 seconds (1834.97 work units)
Thread count was 8 (of 8 available processors)

Solution count 10: 52897.1 52897.1 52899 ... 52918.8

Time limit reached
Best objective 5.289713682917e+04, best bound 5.184556287629e+04, gap 1.9880%

--------------------------------------------------------------------


No feasible solution found

READY


Route matrix:
               0       1       2       3       4       5       6       7       8       9      10      11      12      13      14      15      16      17      18      19      20      21      22      23      24      25      26      27      28      29      30      31      32      33      34      35      36      37      38      39      40      41      42      43      44      45      46      47      48      49      50      51      52      53
       0     0.0     0.0     1.0     0.0     0.0     0.0     0.0     1.0     0.0     0.0     0.0     1.0     0.0     0.0     0.0     0.0     0.0     1.0     1.0     0.0     0.0     0.0     0.0     1.0     0.0     0.0     0.0     0.0     0.0     0.0     1.0     0.0     1.0     0.0     0.0     0.0     1.0     0.0     1.0     0.0     0.0     0.0     0.0     1.0     0.0     0.0     0.0     0.0     1.0     0.0     0.0     0.0     1.0     0.0    13.0
       1     0.0     0.0     0.0     0.0     0.0     0.0     0.0     0.0     0.0     0.0     0.0     0.0     0.0     0.0     0.0     0.0     0.0     0.0     0.0     0.0     0.0     0.0     0.0     0.0     0.0     0.0     0.0     0.0     0.0     0.0     0.0     1.0     0.0     0.0     0.0     0.0     0.0     0.0     0.0     0.0     0.0     0.0     0.0     0.0     0.0     0.0     0.0     0.0     0.0     0.0     0.0     0.0     0.0     0.0     1.0
       2     0.0     1.0     0.0     0.0     0.0     0.0     0.0     0.0     0.0     0.0     0.0     0.0     0.0     0.0     0.0     0.0     0.0     0.0     0.0     0.0     0.0     0.0     0.0     0.0     0.0     0.0     0.0     0.0     0.0     0.0     0.0     0.0     0.0     0.0     0.0     0.0     0.0     0.0     0.0     0.0     0.0     0.0     0.0     0.0     0.0     0.0     0.0     0.0     0.0     0.0     0.0     0.0     0.0     0.0     1.0
       3     1.0     0.0     0.0     0.0     0.0     0.0     0.0     0.0     0.0     0.0     0.0     0.0     0.0     0.0     0.0     0.0     0.0     0.0     0.0     0.0     0.0     0.0     0.0     0.0     0.0     0.0     0.0     0.0     0.0     0.0     0.0     0.0     0.0     0.0     0.0     0.0     0.0     0.0     0.0     0.0     0.0     0.0     0.0     0.0     0.0     0.0     0.0     0.0     0.0     0.0     0.0     0.0     0.0     0.0     1.0
       4     0.0     0.0     0.0     0.0     0.0     0.0     1.0     0.0     0.0     0.0     0.0     0.0     0.0     0.0     0.0     0.0     0.0     0.0     0.0     0.0     0.0     0.0     0.0     0.0     0.0     0.0     0.0     0.0     0.0     0.0     0.0     0.0     0.0     0.0     0.0     0.0     0.0     0.0     0.0     0.0     0.0     0.0     0.0     0.0     0.0     0.0     0.0     0.0     0.0     0.0     0.0     0.0     0.0     0.0     1.0
       5     0.0     0.0     0.0     1.0     0.0     0.0     0.0     0.0     0.0     0.0     0.0     0.0     0.0     0.0     0.0     0.0     0.0     0.0     0.0     0.0     0.0     0.0     0.0     0.0     0.0     0.0     0.0     0.0     0.0     0.0     0.0     0.0     0.0     0.0     0.0     0.0     0.0     0.0     0.0     0.0     0.0     0.0     0.0     0.0     0.0     0.0     0.0     0.0     0.0     0.0     0.0     0.0     0.0     0.0     1.0
       6     0.0     0.0     0.0     0.0     0.0     1.0     0.0     0.0     0.0     0.0     0.0     0.0     0.0     0.0     0.0     0.0     0.0     0.0     0.0     0.0     0.0     0.0     0.0     0.0     0.0     0.0     0.0     0.0     0.0     0.0     0.0     0.0     0.0     0.0     0.0     0.0     0.0     0.0     0.0     0.0     0.0     0.0     0.0     0.0     0.0     0.0     0.0     0.0     0.0     0.0     0.0     0.0     0.0     0.0     1.0
       7     0.0     0.0     0.0     0.0     0.0     0.0     0.0     0.0     0.0     1.0     0.0     0.0     0.0     0.0     0.0     0.0     0.0     0.0     0.0     0.0     0.0     0.0     0.0     0.0     0.0     0.0     0.0     0.0     0.0     0.0     0.0     0.0     0.0     0.0     0.0     0.0     0.0     0.0     0.0     0.0     0.0     0.0     0.0     0.0     0.0     0.0     0.0     0.0     0.0     0.0     0.0     0.0     0.0     0.0     1.0
       8     1.0     0.0     0.0     0.0     0.0     0.0     0.0     0.0     0.0     0.0     0.0     0.0     0.0     0.0     0.0     0.0     0.0     0.0     0.0     0.0     0.0     0.0     0.0     0.0     0.0     0.0     0.0     0.0     0.0     0.0     0.0     0.0     0.0     0.0     0.0     0.0     0.0     0.0     0.0     0.0     0.0     0.0     0.0     0.0     0.0     0.0     0.0     0.0     0.0     0.0     0.0     0.0     0.0     0.0     1.0
       9     0.0     0.0     0.0     0.0     0.0     0.0     0.0     0.0     0.0     0.0     1.0     0.0     0.0     0.0     0.0     0.0     0.0     0.0     0.0     0.0     0.0     0.0     0.0     0.0     0.0     0.0     0.0     0.0     0.0     0.0     0.0     0.0     0.0     0.0     0.0     0.0     0.0     0.0     0.0     0.0     0.0     0.0     0.0     0.0     0.0     0.0     0.0     0.0     0.0     0.0     0.0     0.0     0.0     0.0     1.0
      10     0.0     0.0     0.0     0.0     0.0     0.0     0.0     0.0     1.0     0.0     0.0     0.0     0.0     0.0     0.0     0.0     0.0     0.0     0.0     0.0     0.0     0.0     0.0     0.0     0.0     0.0     0.0     0.0     0.0     0.0     0.0     0.0     0.0     0.0     0.0     0.0     0.0     0.0     0.0     0.0     0.0     0.0     0.0     0.0     0.0     0.0     0.0     0.0     0.0     0.0     0.0     0.0     0.0     0.0     1.0
      11     0.0     0.0     0.0     0.0     0.0     0.0     0.0     0.0     0.0     0.0     0.0     0.0     0.0     1.0     0.0     0.0     0.0     0.0     0.0     0.0     0.0     0.0     0.0     0.0     0.0     0.0     0.0     0.0     0.0     0.0     0.0     0.0     0.0     0.0     0.0     0.0     0.0     0.0     0.0     0.0     0.0     0.0     0.0     0.0     0.0     0.0     0.0     0.0     0.0     0.0     0.0     0.0     0.0     0.0     1.0
      12     1.0     0.0     0.0     0.0     0.0     0.0     0.0     0.0     0.0     0.0     0.0     0.0     0.0     0.0     0.0     0.0     0.0     0.0     0.0     0.0     0.0     0.0     0.0     0.0     0.0     0.0     0.0     0.0     0.0     0.0     0.0     0.0     0.0     0.0     0.0     0.0     0.0     0.0     0.0     0.0     0.0     0.0     0.0     0.0     0.0     0.0     0.0     0.0     0.0     0.0     0.0     0.0     0.0     0.0     1.0
      13     0.0     0.0     0.0     0.0     0.0     0.0     0.0     0.0     0.0     0.0     0.0     0.0     0.0     0.0     0.0     1.0     0.0     0.0     0.0     0.0     0.0     0.0     0.0     0.0     0.0     0.0     0.0     0.0     0.0     0.0     0.0     0.0     0.0     0.0     0.0     0.0     0.0     0.0     0.0     0.0     0.0     0.0     0.0     0.0     0.0     0.0     0.0     0.0     0.0     0.0     0.0     0.0     0.0     0.0     1.0
      14     0.0     0.0     0.0     0.0     0.0     0.0     0.0     0.0     0.0     0.0     0.0     0.0     1.0     0.0     0.0     0.0     0.0     0.0     0.0     0.0     0.0     0.0     0.0     0.0     0.0     0.0     0.0     0.0     0.0     0.0     0.0     0.0     0.0     0.0     0.0     0.0     0.0     0.0     0.0     0.0     0.0     0.0     0.0     0.0     0.0     0.0     0.0     0.0     0.0     0.0     0.0     0.0     0.0     0.0     1.0
      15     0.0     0.0     0.0     0.0     0.0     0.0     0.0     0.0     0.0     0.0     0.0     0.0     0.0     0.0     0.0     0.0     1.0     0.0     0.0     0.0     0.0     0.0     0.0     0.0     0.0     0.0     0.0     0.0     0.0     0.0     0.0     0.0     0.0     0.0     0.0     0.0     0.0     0.0     0.0     0.0     0.0     0.0     0.0     0.0     0.0     0.0     0.0     0.0     0.0     0.0     0.0     0.0     0.0     0.0     1.0
      16     0.0     0.0     0.0     0.0     0.0     0.0     0.0     0.0     0.0     0.0     0.0     0.0     0.0     0.0     1.0     0.0     0.0     0.0     0.0     0.0     0.0     0.0     0.0     0.0     0.0     0.0     0.0     0.0     0.0     0.0     0.0     0.0     0.0     0.0     0.0     0.0     0.0     0.0     0.0     0.0     0.0     0.0     0.0     0.0     0.0     0.0     0.0     0.0     0.0     0.0     0.0     0.0     0.0     0.0     1.0
      17     0.0     0.0     0.0     0.0     0.0     0.0     0.0     0.0     0.0     0.0     0.0     0.0     0.0     0.0     0.0     0.0     0.0     0.0     0.0     0.0     0.0     0.0     1.0     0.0     0.0     0.0     0.0     0.0     0.0     0.0     0.0     0.0     0.0     0.0     0.0     0.0     0.0     0.0     0.0     0.0     0.0     0.0     0.0     0.0     0.0     0.0     0.0     0.0     0.0     0.0     0.0     0.0     0.0     0.0     1.0
      18     0.0     0.0     0.0     0.0     0.0     0.0     0.0     0.0     0.0     0.0     0.0     0.0     0.0     0.0     0.0     0.0     0.0     0.0     0.0     1.0     0.0     0.0     0.0     0.0     0.0     0.0     0.0     0.0     0.0     0.0     0.0     0.0     0.0     0.0     0.0     0.0     0.0     0.0     0.0     0.0     0.0     0.0     0.0     0.0     0.0     0.0     0.0     0.0     0.0     0.0     0.0     0.0     0.0     0.0     1.0
      19     0.0     0.0     0.0     0.0     0.0     0.0     0.0     0.0     0.0     0.0     0.0     0.0     0.0     0.0     0.0     0.0     0.0     0.0     0.0     0.0     0.0     1.0     0.0     0.0     0.0     0.0     0.0     0.0     0.0     0.0     0.0     0.0     0.0     0.0     0.0     0.0     0.0     0.0     0.0     0.0     0.0     0.0     0.0     0.0     0.0     0.0     0.0     0.0     0.0     0.0     0.0     0.0     0.0     0.0     1.0
      20     1.0     0.0     0.0     0.0     0.0     0.0     0.0     0.0     0.0     0.0     0.0     0.0     0.0     0.0     0.0     0.0     0.0     0.0     0.0     0.0     0.0     0.0     0.0     0.0     0.0     0.0     0.0     0.0     0.0     0.0     0.0     0.0     0.0     0.0     0.0     0.0     0.0     0.0     0.0     0.0     0.0     0.0     0.0     0.0     0.0     0.0     0.0     0.0     0.0     0.0     0.0     0.0     0.0     0.0     1.0
      21     0.0     0.0     0.0     0.0     0.0     0.0     0.0     0.0     0.0     0.0     0.0     0.0     0.0     0.0     0.0     0.0     0.0     0.0     0.0     0.0     1.0     0.0     0.0     0.0     0.0     0.0     0.0     0.0     0.0     0.0     0.0     0.0     0.0     0.0     0.0     0.0     0.0     0.0     0.0     0.0     0.0     0.0     0.0     0.0     0.0     0.0     0.0     0.0     0.0     0.0     0.0     0.0     0.0     0.0     1.0
      22     0.0     0.0     0.0     0.0     0.0     0.0     0.0     0.0     0.0     0.0     0.0     0.0     0.0     0.0     0.0     0.0     0.0     0.0     0.0     0.0     0.0     0.0     0.0     0.0     1.0     0.0     0.0     0.0     0.0     0.0     0.0     0.0     0.0     0.0     0.0     0.0     0.0     0.0     0.0     0.0     0.0     0.0     0.0     0.0     0.0     0.0     0.0     0.0     0.0     0.0     0.0     0.0     0.0     0.0     1.0
      23     0.0     0.0     0.0     0.0     0.0     0.0     0.0     0.0     0.0     0.0     0.0     0.0     0.0     0.0     0.0     0.0     0.0     0.0     0.0     0.0     0.0     0.0     0.0     0.0     0.0     1.0     0.0     0.0     0.0     0.0     0.0     0.0     0.0     0.0     0.0     0.0     0.0     0.0     0.0     0.0     0.0     0.0     0.0     0.0     0.0     0.0     0.0     0.0     0.0     0.0     0.0     0.0     0.0     0.0     1.0
      24     1.0     0.0     0.0     0.0     0.0     0.0     0.0     0.0     0.0     0.0     0.0     0.0     0.0     0.0     0.0     0.0     0.0     0.0     0.0     0.0     0.0     0.0     0.0     0.0     0.0     0.0     0.0     0.0     0.0     0.0     0.0     0.0     0.0     0.0     0.0     0.0     0.0     0.0     0.0     0.0     0.0     0.0     0.0     0.0     0.0     0.0     0.0     0.0     0.0     0.0     0.0     0.0     0.0     0.0     1.0
      25     0.0     0.0     0.0     0.0     0.0     0.0     0.0     0.0     0.0     0.0     0.0     0.0     0.0     0.0     0.0     0.0     0.0     0.0     0.0     0.0     0.0     0.0     0.0     0.0     0.0     0.0     0.0     0.0     1.0     0.0     0.0     0.0     0.0     0.0     0.0     0.0     0.0     0.0     0.0     0.0     0.0     0.0     0.0     0.0     0.0     0.0     0.0     0.0     0.0     0.0     0.0     0.0     0.0     0.0     1.0
      26     1.0     0.0     0.0     0.0     0.0     0.0     0.0     0.0     0.0     0.0     0.0     0.0     0.0     0.0     0.0     0.0     0.0     0.0     0.0     0.0     0.0     0.0     0.0     0.0     0.0     0.0     0.0     0.0     0.0     0.0     0.0     0.0     0.0     0.0     0.0     0.0     0.0     0.0     0.0     0.0     0.0     0.0     0.0     0.0     0.0     0.0     0.0     0.0     0.0     0.0     0.0     0.0     0.0     0.0     1.0
      27     0.0     0.0     0.0     0.0     0.0     0.0     0.0     0.0     0.0     0.0     0.0     0.0     0.0     0.0     0.0     0.0     0.0     0.0     0.0     0.0     0.0     0.0     0.0     0.0     0.0     0.0     1.0     0.0     0.0     0.0     0.0     0.0     0.0     0.0     0.0     0.0     0.0     0.0     0.0     0.0     0.0     0.0     0.0     0.0     0.0     0.0     0.0     0.0     0.0     0.0     0.0     0.0     0.0     0.0     1.0
      28     0.0     0.0     0.0     0.0     0.0     0.0     0.0     0.0     0.0     0.0     0.0     0.0     0.0     0.0     0.0     0.0     0.0     0.0     0.0     0.0     0.0     0.0     0.0     0.0     0.0     0.0     0.0     1.0     0.0     0.0     0.0     0.0     0.0     0.0     0.0     0.0     0.0     0.0     0.0     0.0     0.0     0.0     0.0     0.0     0.0     0.0     0.0     0.0     0.0     0.0     0.0     0.0     0.0     0.0     1.0
      29     0.0     0.0     0.0     0.0     0.0     0.0     0.0     0.0     0.0     0.0     0.0     0.0     0.0     0.0     0.0     0.0     0.0     0.0     0.0     0.0     0.0     0.0     0.0     0.0     0.0     0.0     0.0     0.0     0.0     0.0     0.0     1.0     0.0     0.0     0.0     0.0     0.0     0.0     0.0     0.0     0.0     0.0     0.0     0.0     0.0     0.0     0.0     0.0     0.0     0.0     0.0     0.0     0.0     0.0     1.0
      30     0.0     0.0     0.0     0.0     1.0     0.0     0.0     0.0     0.0     0.0     0.0     0.0     0.0     0.0     0.0     0.0     0.0     0.0     0.0     0.0     0.0     0.0     0.0     0.0     0.0     0.0     0.0     0.0     0.0     0.0     0.0     1.0     0.0     0.0     0.0     0.0     0.0     0.0     0.0     0.0     0.0     0.0     0.0     0.0     0.0     0.0     0.0     0.0     0.0     0.0     0.0     0.0     0.0     0.0     2.0
      31     3.0     0.0     0.0     0.0     0.0     0.0     0.0     0.0     0.0     0.0     0.0     0.0     0.0     0.0     0.0     0.0     0.0     0.0     0.0     0.0     0.0     0.0     0.0     0.0     0.0     0.0     0.0     0.0     0.0     0.0     0.0     0.0     0.0     0.0     0.0     0.0     0.0     0.0     0.0     0.0     0.0     0.0     0.0     0.0     0.0     0.0     0.0     0.0     0.0     0.0     0.0     0.0     0.0     0.0     3.0
      32     0.0     0.0     0.0     0.0     0.0     0.0     0.0     0.0     0.0     0.0     0.0     0.0     0.0     0.0     0.0     0.0     0.0     0.0     0.0     0.0     0.0     0.0     0.0     0.0     0.0     0.0     0.0     0.0     0.0     1.0     0.0     0.0     0.0     0.0     0.0     0.0     0.0     0.0     0.0     0.0     0.0     0.0     0.0     0.0     0.0     0.0     0.0     0.0     0.0     0.0     0.0     0.0     0.0     0.0     1.0
      33     0.0     0.0     0.0     0.0     0.0     0.0     0.0     0.0     0.0     0.0     0.0     0.0     0.0     0.0     0.0     0.0     0.0     0.0     0.0     0.0     0.0     0.0     0.0     0.0     0.0     0.0     0.0     0.0     0.0     0.0     0.0     0.0     0.0     0.0     0.0     1.0     0.0     0.0     0.0     0.0     0.0     0.0     0.0     0.0     0.0     0.0     0.0     0.0     0.0     0.0     0.0     0.0     0.0     0.0     1.0
      34     0.0     0.0     0.0     0.0     0.0     0.0     0.0     0.0     0.0     0.0     0.0     0.0     0.0     0.0     0.0     0.0     0.0     0.0     0.0     0.0     0.0     0.0     0.0     0.0     0.0     0.0     0.0     0.0     0.0     0.0     0.0     0.0     0.0     1.0     0.0     0.0     0.0     0.0     0.0     0.0     0.0     0.0     0.0     0.0     0.0     0.0     0.0     0.0     0.0     0.0     0.0     0.0     0.0     0.0     1.0
      35     1.0     0.0     0.0     0.0     0.0     0.0     0.0     0.0     0.0     0.0     0.0     0.0     0.0     0.0     0.0     0.0     0.0     0.0     0.0     0.0     0.0     0.0     0.0     0.0     0.0     0.0     0.0     0.0     0.0     0.0     0.0     0.0     0.0     0.0     0.0     0.0     0.0     0.0     0.0     0.0     0.0     0.0     0.0     0.0     0.0     0.0     0.0     0.0     0.0     0.0     0.0     0.0     0.0     0.0     1.0
      36     0.0     0.0     0.0     0.0     0.0     0.0     0.0     0.0     0.0     0.0     0.0     0.0     0.0     0.0     0.0     0.0     0.0     0.0     0.0     0.0     0.0     0.0     0.0     0.0     0.0     0.0     0.0     0.0     0.0     0.0     1.0     0.0     0.0     0.0     1.0     0.0     0.0     0.0     0.0     0.0     0.0     0.0     0.0     0.0     0.0     0.0     0.0     0.0     0.0     0.0     0.0     0.0     0.0     0.0     2.0
      37     1.0     0.0     0.0     0.0     0.0     0.0     0.0     0.0     0.0     0.0     0.0     0.0     0.0     0.0     0.0     0.0     0.0     0.0     0.0     0.0     0.0     0.0     0.0     0.0     0.0     0.0     0.0     0.0     0.0     0.0     0.0     0.0     0.0     0.0     0.0     0.0     0.0     0.0     0.0     0.0     0.0     0.0     0.0     0.0     0.0     0.0     0.0     0.0     0.0     0.0     0.0     0.0     0.0     0.0     1.0
      38     0.0     0.0     0.0     0.0     0.0     0.0     0.0     0.0     0.0     0.0     0.0     0.0     0.0     0.0     0.0     0.0     0.0     0.0     0.0     0.0     0.0     0.0     0.0     0.0     0.0     0.0     0.0     0.0     0.0     0.0     0.0     0.0     0.0     0.0     0.0     0.0     1.0     0.0     0.0     0.0     0.0     0.0     0.0     0.0     0.0     0.0     0.0     0.0     0.0     0.0     0.0     0.0     0.0     0.0     1.0
      39     0.0     0.0     0.0     0.0     0.0     0.0     0.0     0.0     0.0     0.0     0.0     0.0     0.0     0.0     0.0     0.0     0.0     0.0     0.0     0.0     0.0     0.0     0.0     0.0     0.0     0.0     0.0     0.0     0.0     0.0     0.0     0.0     0.0     0.0     0.0     0.0     0.0     0.0     0.0     0.0     0.0     0.0     1.0     0.0     0.0     0.0     0.0     0.0     0.0     0.0     0.0     0.0     0.0     0.0     1.0
      40     0.0     0.0     0.0     0.0     0.0     0.0     0.0     0.0     0.0     0.0     0.0     0.0     0.0     0.0     0.0     0.0     0.0     0.0     0.0     0.0     0.0     0.0     0.0     0.0     0.0     0.0     0.0     0.0     0.0     0.0     0.0     0.0     0.0     0.0     0.0     0.0     0.0     0.0     0.0     1.0     0.0     0.0     0.0     0.0     0.0     0.0     0.0     0.0     0.0     0.0     0.0     0.0     0.0     0.0     1.0
      41     0.0     0.0     0.0     0.0     0.0     0.0     0.0     0.0     0.0     0.0     0.0     0.0     0.0     0.0     0.0     0.0     0.0     0.0     0.0     0.0     0.0     0.0     0.0     0.0     0.0     0.0     0.0     0.0     0.0     0.0     0.0     0.0     0.0     0.0     0.0     0.0     0.0     0.0     0.0     0.0     1.0     0.0     0.0     0.0     0.0     0.0     0.0     0.0     0.0     0.0     0.0     0.0     0.0     0.0     1.0
      42     0.0     0.0     0.0     0.0     0.0     0.0     0.0     0.0     0.0     0.0     0.0     0.0     0.0     0.0     0.0     0.0     0.0     0.0     0.0     0.0     0.0     0.0     0.0     0.0     0.0     0.0     0.0     0.0     0.0     0.0     0.0     0.0     0.0     0.0     0.0     0.0     0.0     1.0     0.0     0.0     0.0     0.0     0.0     0.0     0.0     0.0     0.0     0.0     0.0     0.0     0.0     0.0     0.0     0.0     1.0
      43     0.0     0.0     0.0     0.0     0.0     0.0     0.0     0.0     0.0     0.0     0.0     0.0     0.0     0.0     0.0     0.0     0.0     0.0     0.0     0.0     0.0     0.0     0.0     0.0     0.0     0.0     0.0     0.0     0.0     0.0     0.0     0.0     0.0     0.0     0.0     0.0     0.0     0.0     0.0     0.0     0.0     1.0     0.0     0.0     0.0     0.0     0.0     0.0     0.0     0.0     0.0     0.0     0.0     0.0     1.0
      44     0.0     0.0     0.0     0.0     0.0     0.0     0.0     0.0     0.0     0.0     0.0     0.0     0.0     0.0     0.0     0.0     0.0     0.0     0.0     0.0     0.0     0.0     0.0     0.0     0.0     0.0     0.0     0.0     0.0     0.0     0.0     0.0     0.0     0.0     0.0     0.0     0.0     0.0     0.0     0.0     0.0     0.0     0.0     0.0     0.0     1.0     0.0     0.0     0.0     0.0     0.0     0.0     0.0     0.0     1.0
      45     1.0     0.0     0.0     0.0     0.0     0.0     0.0     0.0     0.0     0.0     0.0     0.0     0.0     0.0     0.0     0.0     0.0     0.0     0.0     0.0     0.0     0.0     0.0     0.0     0.0     0.0     0.0     0.0     0.0     0.0     0.0     0.0     0.0     0.0     0.0     0.0     0.0     0.0     0.0     0.0     0.0     0.0     0.0     0.0     0.0     0.0     0.0     0.0     0.0     0.0     0.0     0.0     0.0     0.0     1.0
      46     0.0     0.0     0.0     0.0     0.0     0.0     0.0     0.0     0.0     0.0     0.0     0.0     0.0     0.0     0.0     0.0     0.0     0.0     0.0     0.0     0.0     0.0     0.0     0.0     0.0     0.0     0.0     0.0     0.0     0.0     0.0     0.0     0.0     0.0     0.0     0.0     0.0     0.0     0.0     0.0     0.0     0.0     0.0     0.0     1.0     0.0     0.0     0.0     0.0     0.0     0.0     0.0     0.0     0.0     1.0
      47     0.0     0.0     0.0     0.0     0.0     0.0     0.0     0.0     0.0     0.0     0.0     0.0     0.0     0.0     0.0     0.0     0.0     0.0     0.0     0.0     0.0     0.0     0.0     0.0     0.0     0.0     0.0     0.0     0.0     0.0     0.0     0.0     0.0     0.0     0.0     0.0     0.0     0.0     0.0     0.0     0.0     0.0     0.0     0.0     0.0     0.0     1.0     0.0     0.0     0.0     0.0     0.0     0.0     0.0     1.0
      48     0.0     0.0     0.0     0.0     0.0     0.0     0.0     0.0     0.0     0.0     0.0     0.0     0.0     0.0     0.0     0.0     0.0     0.0     0.0     0.0     0.0     0.0     0.0     0.0     0.0     0.0     0.0     0.0     0.0     0.0     0.0     0.0     0.0     0.0     0.0     0.0     0.0     0.0     0.0     0.0     0.0     0.0     0.0     0.0     0.0     0.0     0.0     1.0     0.0     0.0     0.0     0.0     0.0     0.0     1.0
      49     0.0     0.0     0.0     0.0     0.0     0.0     0.0     0.0     0.0     0.0     0.0     0.0     0.0     0.0     0.0     0.0     0.0     0.0     0.0     0.0     0.0     0.0     0.0     0.0     0.0     0.0     0.0     0.0     0.0     0.0     0.0     0.0     0.0     0.0     0.0     0.0     0.0     0.0     0.0     0.0     0.0     0.0     0.0     0.0     0.0     0.0     0.0     0.0     0.0     0.0     0.0     1.0     0.0     0.0     1.0
      50     0.0     0.0     0.0     0.0     0.0     0.0     0.0     0.0     0.0     0.0     0.0     0.0     0.0     0.0     0.0     0.0     0.0     0.0     0.0     0.0     0.0     0.0     0.0     0.0     0.0     0.0     0.0     0.0     0.0     0.0     0.0     0.0     0.0     0.0     0.0     0.0     0.0     0.0     0.0     0.0     0.0     0.0     0.0     0.0     0.0     0.0     0.0     0.0     0.0     1.0     0.0     0.0     0.0     0.0     1.0
      51     0.0     0.0     0.0     0.0     0.0     0.0     0.0     0.0     0.0     0.0     0.0     0.0     0.0     0.0     0.0     0.0     0.0     0.0     0.0     0.0     0.0     0.0     0.0     0.0     0.0     0.0     0.0     0.0     0.0     0.0     0.0     0.0     0.0     0.0     0.0     0.0     0.0     0.0     0.0     0.0     0.0     0.0     0.0     0.0     0.0     0.0     0.0     0.0     0.0     0.0     0.0     0.0     0.0     1.0     1.0
      52     0.0     0.0     0.0     0.0     0.0     0.0     0.0     0.0     0.0     0.0     0.0     0.0     0.0     0.0     0.0     0.0     0.0     0.0     0.0     0.0     0.0     0.0     0.0     0.0     0.0     0.0     0.0     0.0     0.0     0.0     0.0     0.0     0.0     0.0     0.0     0.0     0.0     0.0     0.0     0.0     0.0     0.0     0.0     0.0     0.0     0.0     0.0     0.0     0.0     0.0     1.0     0.0     0.0     0.0     1.0
      53     1.0     0.0     0.0     0.0     0.0     0.0     0.0     0.0     0.0     0.0     0.0     0.0     0.0     0.0     0.0     0.0     0.0     0.0     0.0     0.0     0.0     0.0     0.0     0.0     0.0     0.0     0.0     0.0     0.0     0.0     0.0     0.0     0.0     0.0     0.0     0.0     0.0     0.0     0.0     0.0     0.0     0.0     0.0     0.0     0.0     0.0     0.0     0.0     0.0     0.0     0.0     0.0     0.0     0.0     1.0
            13.0     1.0     1.0     1.0     1.0     1.0     1.0     1.0     1.0     1.0     1.0     1.0     1.0     1.0     1.0     1.0     1.0     1.0     1.0     1.0     1.0     1.0     1.0     1.0     1.0     1.0     1.0     1.0     1.0     1.0     2.0     3.0     1.0     1.0     1.0     1.0     2.0     1.0     1.0     1.0     1.0     1.0     1.0     1.0     1.0     1.0     1.0     1.0     1.0     1.0     1.0     1.0     1.0     1.0

Proportions per vehicle k (left axis)
               0       1       2       3       4       5       6       7       8       9      10      11      12      13      14      15      16      17      18      19      20      21      22      23      24      25      26      27      28      29      30      31      32      33      34      35      36      37      38      39      40      41      42      43      44      45      46      47      48      49      50      51      52      53
       0     0.0     0.0     0.0     0.0     0.0     0.0     0.0     0.0     0.0     0.0     0.0     0.0     0.0     0.0     0.0     0.0     0.0     0.0     0.0     0.0     0.0     0.0     0.0     0.0     0.0     0.0     0.0     0.0     0.0     0.0     0.0     0.0     0.0     0.0     0.0     0.0     0.0     0.0     0.0     0.0     0.0     0.0     0.0     0.0     0.0     0.0     0.0     0.0     0.0     0.0     0.0     0.0     0.0     0.0     0.0
       1     0.0     0.0     0.0     0.0     0.0     0.0     0.0     0.0     0.0     0.0     0.0     0.0     0.0     0.0     0.0     0.0     0.0     0.0     0.0     0.0     0.0     0.0     0.0     0.0     0.0     0.0     0.0     0.0     0.0     0.0     0.0     0.0     0.0     0.0     0.0     0.0     0.0     0.0     0.0     0.0     0.0     0.0     0.0     0.0     0.0     0.0     0.0     0.0     0.0     0.0     0.0     0.0     0.0     0.0     0.0
       2     0.0     0.0     0.0     0.0     0.0     0.0     0.0     0.0     0.0     0.0     0.0     0.0     0.0     0.0     0.0     0.0     0.0     0.0     0.0     0.0     0.0     0.0     0.0     0.0     0.0     0.0     0.0     0.0     0.0     0.0     0.0     0.0     0.0     0.0     0.0     0.0     0.0     0.0     0.0     0.0     0.0     0.0     0.0     0.0     0.0     0.0     0.0     0.0     0.0     0.0     0.0     0.0     0.0     0.0     0.0
       3     0.0     0.0     0.0     0.0     0.0     0.0     0.0     0.0     0.0     0.0     0.0     0.0     0.0     0.0     0.0     0.0     0.0     0.0     0.0     0.0     0.0     0.0     0.0     0.0     0.0     0.0     0.0     0.0     0.0     0.0     0.0     0.0     0.0     0.0     0.0     0.0     0.0     0.0     0.0     0.0     0.0     0.0     0.0     0.0     0.0     0.0     0.0     0.0     0.0     0.0     0.0     0.0     0.0     0.0     0.0
       4     0.0     0.0     0.0     0.0     0.0     0.0     0.0     0.0     0.0     0.0     0.0     0.0     0.0     0.0     0.0     0.0     0.0     0.0     0.0     0.0     0.0     0.0     0.0     0.0     0.0     0.0     0.0     0.0     0.0     0.0     0.0     0.0     0.0     0.0     0.0     0.0     0.0     0.0     0.0     0.0     0.0     0.0     0.0     0.0     0.0     0.0     0.0     0.0     0.0     0.0     0.0     0.0     0.0     0.0     0.0
       5     0.0     0.0     0.0     0.0     0.0     0.0     0.0     0.0     0.0     0.0     0.0     0.0     0.0     0.0     0.0     0.0     0.0     0.0     0.0     0.0     0.0     0.0     0.0     0.0     0.0     0.0     0.0     0.0     0.0     0.0     0.0     0.0     0.0     0.0     0.0     0.0     0.0     0.0     0.0     0.0     0.0     0.0     0.0     0.0     0.0     0.0     0.0     0.0     0.0     0.0     0.0     0.0     0.0     0.0     0.0
       6     0.0     0.0     0.0     0.0     0.0     0.0     0.0     0.0     0.0     0.0     0.0     0.0     0.0     0.0     0.0     0.0     0.0     0.0     0.0     0.0     0.0     0.0     0.0     0.0     0.0     0.0     0.0     0.0     0.0     0.0     0.0     0.0     0.0     0.0     0.0     0.0     0.0     0.0     0.0     0.0     0.0     0.0     0.0     0.0     0.0     0.0     0.0     0.0     0.0     0.0     0.0     0.0     0.0     0.0     0.0
       7     0.0     0.0     0.0     0.0     0.0     0.0     0.0     0.0     0.0     0.0     0.0     0.0     0.0     0.0     0.0     0.0     0.0     0.0     0.0     0.0     0.0     0.0     0.0     0.0     0.0     0.0     0.0     0.0     0.0     0.0     0.0     0.0     0.0     0.0     0.0     0.0     0.0     0.0     0.0     0.0     0.0     0.0     0.0     0.0     0.0     0.0     0.0     0.0     0.0     0.0     0.0     0.0     0.0     0.0     0.0
       8     0.0     0.0     0.0     0.0     0.0     0.0     0.0     0.0     0.0     0.0     0.0     0.0     0.0     0.0     0.0     0.0     0.0     0.0     0.0     0.0     0.0     0.0     0.0     0.0     0.0     0.0     0.0     0.0     0.0     0.0     0.0     0.0     0.0     0.0     0.0     0.0     0.0     0.0     0.0     0.0     0.0     0.0     0.0     0.0     0.0     0.0     0.0     0.0     0.0     0.0     0.0     0.0     0.0     0.0     0.0
       9     0.0     0.0     0.0     0.0     0.0     0.0     0.0     0.0     0.0     0.0     0.0     0.0     0.0     0.0     0.0     0.0     0.0     0.0     0.0     0.0     0.0     0.0     0.0     0.0     0.0     0.0     0.0     0.0     0.0     0.0     0.0     0.0     0.0     0.0     0.0     0.0     0.0     0.0     0.0     0.0     0.0     0.0     0.0     0.0     0.0     0.0     0.0     0.0     0.0     0.0     0.0     0.0     0.0     0.0     0.0
      10     0.0     0.0     0.0     0.0     0.0     0.0     0.0     0.0     0.0     0.0     0.0     1.0     1.0     1.0     1.0     1.0     1.0     0.0     0.0     0.0     0.0     0.0     0.0     0.0     0.0     0.0     0.0     0.0     0.0     0.0     0.0     0.0     0.0     0.0     0.0     0.0     0.0     0.0     0.0     0.0     0.0     0.0     0.0     0.0     0.0     0.0     0.0     0.0     0.0     0.0     0.0     0.0     0.0     0.0     6.0
      11     0.0     0.0     0.0     1.0     1.0     1.0     1.0     0.0     0.0     0.0     0.0     0.0     0.0     0.0     0.0     0.0     0.0     0.0     0.0     0.0     0.0     0.0     0.0     0.0     0.0     0.0     0.0     0.0     0.0     0.0     1.0     0.0     0.0     0.0     0.0     0.0     0.0     0.0     0.0     0.0     0.0     0.0     0.0     0.0     0.0     0.0     0.0     0.0     0.0     0.0     0.0     0.0     0.0     0.0     5.0
      12     0.0     0.0     0.0     0.0     0.0     0.0     0.0     0.0     0.0     0.0     0.0     0.0     0.0     0.0     0.0     0.0     0.0     0.0     0.0     0.0     0.0     0.0     0.0     0.0     0.0     0.0     0.0     0.0     0.0     0.0     0.0     0.0     0.0     0.0     0.0     0.0     0.0     0.0     0.0     0.0     0.0     0.0     0.0     0.0     1.0     1.0     1.0     1.0     1.0     0.0     0.0     0.0     0.0     0.0     5.0
      13     0.0     1.0     1.0     0.0     0.0     0.0     0.0     0.0     0.0     0.0     0.0     0.0     0.0     0.0     0.0     0.0     0.0     0.0     0.0     0.0     0.0     0.0     0.0     0.0     0.0     0.0     0.0     0.0     0.0     0.0     0.0     0.1     0.0     0.0     0.0     0.0     0.0     0.0     0.0     0.0     0.0     0.0     0.0     0.0     0.0     0.0     0.0     0.0     0.0     0.0     0.0     0.0     0.0     0.0     2.1
      14     0.0     0.0     0.0     0.0     0.0     0.0     0.0     1.0     1.0     1.0     1.0     0.0     0.0     0.0     0.0     0.0     0.0     0.0     0.0     0.0     0.0     0.0     0.0     0.0     0.0     0.0     0.0     0.0     0.0     0.0     0.0     0.0     0.0     0.0     0.0     0.0     0.0     0.0     0.0     0.0     0.0     0.0     0.0     0.0     0.0     0.0     0.0     0.0     0.0     0.0     0.0     0.0     0.0     0.0     4.0
      15     0.0     0.0     0.0     0.0     0.0     0.0     0.0     0.0     0.0     0.0     0.0     0.0     0.0     0.0     0.0     0.0     0.0     0.0     0.0     0.0     0.0     0.0     0.0     0.0     0.0     0.0     0.0     0.0     0.0     0.0     0.0     0.0     0.0     0.0     0.0     0.0     0.0     0.0     0.0     0.0     0.0     0.0     0.0     0.0     0.0     0.0     0.0     0.0     0.0     1.0     1.0     1.0     1.0     1.0     5.0
      16     0.0     0.0     0.0     0.0     0.0     0.0     0.0     0.0     0.0     0.0     0.0     0.0     0.0     0.0     0.0     0.0     0.0     0.0     1.0     1.0     1.0     1.0     0.0     0.0     0.0     0.0     0.0     0.0     0.0     0.0     0.0     0.0     0.0     0.0     0.0     0.0     0.0     0.0     0.0     0.0     0.0     0.0     0.0     0.0     0.0     0.0     0.0     0.0     0.0     0.0     0.0     0.0     0.0     0.0     4.0
      17     0.0     0.0     0.0     0.0     0.0     0.0     0.0     0.0     0.0     0.0     0.0     0.0     0.0     0.0     0.0     0.0     0.0     0.0     0.0     0.0     0.0     0.0     0.0     0.0     0.0     0.0     0.0     0.0     0.0     0.0     0.0     0.0     0.0     0.0     0.0     0.0     0.0     1.0     0.0     1.0     1.0     1.0     1.0     1.0     0.0     0.0     0.0     0.0     0.0     0.0     0.0     0.0     0.0     0.0     6.0
      18     0.0     0.0     0.0     0.0     0.0     0.0     0.0     0.0     0.0     0.0     0.0     0.0     0.0     0.0     0.0     0.0     0.0     0.0     0.0     0.0     0.0     0.0     0.0     1.0     0.0     1.0     1.0     1.0     1.0     0.0     0.0     0.0     0.0     0.0     0.0     0.0     0.0     0.0     0.0     0.0     0.0     0.0     0.0     0.0     0.0     0.0     0.0     0.0     0.0     0.0     0.0     0.0     0.0     0.0     5.0
      19     0.0     0.0     0.0     0.0     0.0     0.0     0.0     0.0     0.0     0.0     0.0     0.0     0.0     0.0     0.0     0.0     0.0     0.0     0.0     0.0     0.0     0.0     0.0     0.0     0.0     0.0     0.0     0.0     0.0     0.0     0.0     0.0     0.0     1.0     1.0     1.0     0.4     0.0     0.0     0.0     0.0     0.0     0.0     0.0     0.0     0.0     0.0     0.0     0.0     0.0     0.0     0.0     0.0     0.0     3.4
      20     0.0     0.0     0.0     0.0     0.0     0.0     0.0     0.0     0.0     0.0     0.0     0.0     0.0     0.0     0.0     0.0     0.0     0.0     0.0     0.0     0.0     0.0     0.0     0.0     0.0     0.0     0.0     0.0     0.0     0.0     0.0     0.0     0.0     0.0     0.0     0.0     0.0     0.0     0.0     0.0     0.0     0.0     0.0     0.0     0.0     0.0     0.0     0.0     0.0     0.0     0.0     0.0     0.0     0.0     0.0
      21     0.0     0.0     0.0     0.0     0.0     0.0     0.0     0.0     0.0     0.0     0.0     0.0     0.0     0.0     0.0     0.0     0.0     0.0     0.0     0.0     0.0     0.0     0.0     0.0     0.0     0.0     0.0     0.0     0.0     1.0     0.0     0.5     1.0     0.0     0.0     0.0     0.0     0.0     0.0     0.0     0.0     0.0     0.0     0.0     0.0     0.0     0.0     0.0     0.0     0.0     0.0     0.0     0.0     0.0     2.5
      22     0.0     0.0     0.0     0.0     0.0     0.0     0.0     0.0     0.0     0.0     0.0     0.0     0.0     0.0     0.0     0.0     0.0     1.0     0.0     0.0     0.0     0.0     1.0     0.0     1.0     0.0     0.0     0.0     0.0     0.0     0.0     0.0     0.0     0.0     0.0     0.0     0.0     0.0     0.0     0.0     0.0     0.0     0.0     0.0     0.0     0.0     0.0     0.0     0.0     0.0     0.0     0.0     0.0     0.0     3.0
      23     0.0     0.0     0.0     0.0     0.0     0.0     0.0     0.0     0.0     0.0     0.0     0.0     0.0     0.0     0.0     0.0     0.0     0.0     0.0     0.0     0.0     0.0     0.0     0.0     0.0     0.0     0.0     0.0     0.0     0.0     0.0     0.4     0.0     0.0     0.0     0.0     0.6     0.0     1.0     0.0     0.0     0.0     0.0     0.0     0.0     0.0     0.0     0.0     0.0     0.0     0.0     0.0     0.0     0.0     2.0
      24     0.0     0.0     0.0     0.0     0.0     0.0     0.0     0.0     0.0     0.0     0.0     0.0     0.0     0.0     0.0     0.0     0.0     0.0     0.0     0.0     0.0     0.0     0.0     0.0     0.0     0.0     0.0     0.0     0.0     0.0     0.0     0.0     0.0     0.0     0.0     0.0     0.0     0.0     0.0     0.0     0.0     0.0     0.0     0.0     0.0     0.0     0.0     0.0     0.0     0.0     0.0     0.0     0.0     0.0     0.0
             0.0     1.0     1.0     1.0     1.0     1.0     1.0     1.0     1.0     1.0     1.0     1.0     1.0     1.0     1.0     1.0     1.0     1.0     1.0     1.0     1.0     1.0     1.0     1.0     1.0     1.0     1.0     1.0     1.0     1.0     1.0     1.0     1.0     1.0     1.0     1.0     1.0     1.0     1.0     1.0     1.0     1.0     1.0     1.0     1.0     1.0     1.0     1.0     1.0     1.0     1.0     1.0     1.0     1.0

Arrival times: 

    Node    Time  Demand  Vehicles
       0     0.0       0     all
       1   142.7      40      ++
       2    15.1      50      ++
       3   690.4      20      ++
       4   324.0      20      +
       5   561.8      10      ++
       6   468.6      10      11
       7    30.8      30      14
       8   475.0      40      +
       9   179.0      20      +
      10   278.0      10      +
      11    10.0      10      +
      12   777.0      10      +
      13   224.0      40      +
      14   593.0      20      +
      15   398.4      10      +
      16   500.0      10      +
      17    31.6      30      +
      18   123.6      40      ++
      19   283.0      10      ++
      20   700.0      10      ++
      21   522.0      30      ++
      22   146.0      20      22
      23    16.6      40      +
      24   412.0      50      22
      25   541.0      30      +
      26  1001.0      10      +
      27   880.0      10      +
      28   786.0      10      +
      29   286.0      20      ++
      30   215.6      40      ++
      31   422.2      80      +++
      32    35.0      40      ++
      33   317.0      20      +
      34   195.2      50      +
      35   693.0      10      +
      36   103.2      50      ++
      37   875.0      10      17
      38    12.2      40      +
      39   355.0      20      17
      40   260.0      10      17
      41   140.4      20      17
      42   729.0      10      17
      43    47.4      30      17
      44   420.0      20      +
      45   523.0      20      +
      46   238.0      10      +
      47   144.0      20      ++
      48    20.6      10      ++
      49   368.0      20      ++
      50   144.3      10      ++
      51   561.0      30      ++
      52    30.8      20      ++
      53   726.0      20      ++

Arrival times sorted by time: 

    Node    Time  Demand  Vehicles
       0     0.0       0     all
      11    10.0      10      ++
      38    12.2      40      ++
       2    15.1      50      ++
      23    16.6      40      ++
      48    20.6      10      ++
       7    30.8      30      14
      52    30.8      20      ++
      17    31.6      30      ++
      32    35.0      40      ++
      43    47.4      30      17
      36   103.2      50      ++
      18   123.6      40      ++
      41   140.4      20      17
       1   142.7      40      ++
      47   144.0      20      ++
      50   144.3      10      ++
      22   146.0      20      22
       9   179.0      20      ++
      34   195.2      50      ++
      30   215.6      40      ++
      13   224.0      40      ++
      46   238.0      10      ++
      40   260.0      10      17
      10   278.0      10      ++
      19   283.0      10      ++
      29   286.0      20      ++
      33   317.0      20      ++
       4   324.0      20      ++
      39   355.0      20      17
      49   368.0      20      ++
      15   398.4      10      ++
      24   412.0      50      22
      44   420.0      20      ++
      31   422.2      80      ++
       6   468.6      10      11
       8   475.0      40      ++
      16   500.0      10      ++
      21   522.0      30      ++
      45   523.0      20      ++
      25   541.0      30      ++
      51   561.0      30      ++
       5   561.8      10      ++
      14   593.0      20      ++
       3   690.4      20      ++
      35   693.0      10      ++
      20   700.0      10      ++
      53   726.0      20      ++
      42   729.0      10      17
      12   777.0      10      ++
      28   786.0      10      ++
      37   875.0      10      17
      27   880.0      10      ++
      26  1001.0      10      ++

Results: 

Best solution:   52897.14 cost units

Distance traveled:
897.1441649893067

Total number of fixed costs:
51999.99266417609

Number of small vehicles:
9.883592967265422e-07

Number of large vehicles:
12.999997918954199